Read configurations from config.txt.
Overlap threshold (Auto-tuned):  60
Fragments, config read and store time: 11007 ms
RUN 1
-------------
Generated Seeded Population
Generated Diverse Population
0 151.19258373205741 151.19258373205741 126792
1 189.0164348925411 189.0164348925411 149863 791 354990
2 203.27354838709678 203.27354838709678 157907 775 962498
3 226.05844155844156 226.05844155844156 174448 770 1381217
4 219.33678756476684 226.05844155844156 174448 770 1810794
5 233.19240837696336 233.19240837696336 178531 764 2219522
6 249.41090425531914 249.41090425531914 187903 752 2642349
7 243.72413793103448 249.41090425531914 187903 752 3062315
8 267.6807065217391 267.6807065217391 197358 736 3417209
9 258.78032345013474 267.6807065217391 197358 736 3773724
10 273.5528120713306 273.5528120713306 199776 729 4132301
11 286.5941828254848 286.5941828254848 207268 722 4515406
12 285.7209944751381 286.5941828254848 207268 722 4861712
13 304.156338028169 304.156338028169 216275 710 5180845
14 310.2729844413013 310.2729844413013 219689 707 5516305
15 318.87535816618913 318.87535816618913 222910 698 5841055
16 314.93741109530583 318.87535816618913 222910 698 6171462
17 322.33237410071945 322.33237410071945 224326 695 6491726
18 333.0188953488372 333.0188953488372 229436 688 6823192
19 338.2295321637427 338.2295321637427 231666 684 7132877
20 339.2306569343066 339.2306569343066 232673 685 7447530
21 350.8879056047198 350.8879056047198 238216 678 7752278
22 351.8628318584071 351.8628318584071 238848 678 8037467
23 358.6953937592868 358.6953937592868 241759 673 8368209
24 363.64776119402984 363.64776119402984 243924 670 8647253
25 365.0329835082459 365.0329835082459 243812 667 9040226
26 377.55438066465257 377.55438066465257 250230 662 9329534
27 383.82272727272726 383.82272727272726 253619 660 9634538
28 383.2370820668693 383.82272727272726 253619 660 9930541
29 394.73353751914243 394.73353751914243 258078 653 10232136
30 391.1463414634146 394.73353751914243 258078 653 10523781
31 402.6141975308642 402.6141975308642 261172 648 10825364
32 395.8834355828221 402.6141975308642 261172 648 11102618
33 408.384496124031 408.384496124031 263710 645 11391088
34 411.30015552099536 411.30015552099536 264744 643 11661769
35 414.24454828660436 414.24454828660436 266217 642 11972831
36 417.65 417.65 267586 640 12284639
37 420.41574803149604 420.41574803149604 267266 635 12537197
38 424.05345911949684 424.05345911949684 269971 636 12819575
39 428.2192429022082 428.2192429022082 271795 634 13118413
40 430.9968454258675 430.9968454258675 273513 634 13389145
41 430.0729001584786 430.9968454258675 273513 634 13689356
42 434.3232484076433 434.3232484076433 273143 628 14003123
43 443.11483253588517 443.11483253588517 278124 627 14292899
44 442.8407643312102 443.11483253588517 278124 627 14548300
45 446.08466453674123 446.08466453674123 279535 626 14851624
46 451.20578778135047 451.20578778135047 280944 622 15104599
47 451.40353697749197 451.40353697749197 281082 622 15373861
48 454.2696629213483 454.2696629213483 283285 623 15629793
49 457.51612903225805 457.51612903225805 283948 620 15873321
50 461.3220064724919 461.3220064724919 285420 618 16135337
51 462.65909090909093 462.65909090909093 285366 616 16384451
52 464.8482871125612 464.8482871125612 285228 613 16623562
53 467.08809135399673 467.08809135399673 286642 613 16867147
54 468.3937908496732 468.3937908496732 286916 612 17107324
55 471.30505709624794 471.30505709624794 289214 613 17344548
56 479.19669421487606 479.19669421487606 290217 605 17583445
57 481.07260726072604 481.07260726072604 291858 606 17824771
58 478.023102310231 481.07260726072604 291858 606 18064962
59 488.2246256239601 488.2246256239601 293757 601 18305267
60 489.4116666666667 489.4116666666667 294040 600 18593853
61 488.5307820299501 489.4116666666667 294040 600 18886304
62 498.4036850921273 498.4036850921273 297872 597 19185899
63 495.1323283082077 498.4036850921273 297872 597 19492768
64 498.7936241610738 498.7936241610738 297671 596 19761210
65 504.3962900505902 504.3962900505902 299487 593 20016017
66 505.6745362563238 505.6745362563238 300213 593 20277616
67 512.0865874363328 512.0865874363328 301996 589 20510817
68 512.6095076400679 512.6095076400679 302316 589 20754200
69 514.2704081632653 514.2704081632653 302773 588 20998338
70 514.7091836734694 514.7091836734694 303062 588 21229855
71 518.2854700854701 518.2854700854701 303588 585 21461724
72 518.5034129692833 518.5034129692833 304197 586 21725216
73 528.4371772805508 528.4371772805508 307411 581 21960317
74 522.2239316239317 528.4371772805508 307411 581 22197118
75 531.9827586206897 531.9827586206897 308900 580 22436436
76 536.5476603119585 536.5476603119585 309995 577 22704716
77 537.7871972318339 537.7871972318339 311213 578 23008450
78 539.5 539.5 312144 578 23229810
79 541.6765217391304 541.6765217391304 311816 575 23452872
80 542.937172774869 542.937172774869 311491 573 23682072
81 547.1905594405595 547.1905594405595 313376 572 23910420
82 548.6153846153846 548.6153846153846 314167 572 24197449
83 551.5901926444834 551.5901926444834 315342 571 24443215
84 550.3730297723292 551.5901926444834 315342 571 24677304
85 552.5915492957746 552.5915492957746 314256 568 24903256
86 559.8621908127209 559.8621908127209 317237 566 25158488
87 556.6901408450705 559.8621908127209 317237 566 25385650
88 565.5310834813499 565.5310834813499 318788 563 25610279
89 563.0991150442478 565.5310834813499 318788 563 25895944
90 575.5107142857142 575.5107142857142 322599 560 26120077
91 566.7730496453901 575.5107142857142 322599 560 26369218
92 571.8754448398577 575.5107142857142 322599 560 26600212
93 582.7320143884892 582.7320143884892 324319 556 26818015
94 579.7078853046595 582.7320143884892 324319 556 27047881
95 582.605026929982 582.7320143884892 324319 556 27268423
96 584.1992818671454 584.1992818671454 325687 557 27493416
97 592.869801084991 592.869801084991 328153 553 27708677
98 589.6371841155235 592.869801084991 328153 553 27925168
99 591.9765342960288 592.869801084991 328153 553 28147749
100 594.3876811594203 594.3876811594203 328424 552 28371395
101 597.0235934664247 597.0235934664247 329301 551 28593525
102 601.3472727272728 601.3472727272728 331050 550 28818893
103 599.7109090909091 601.3472727272728 331050 550 29036521
104 603.8998178506375 603.8998178506375 331835 549 29251339
105 603.143897996357 603.8998178506375 331835 549 29489543
106 610.0311355311355 610.0311355311355 333380 546 29710848
107 607.9908759124088 610.0311355311355 333380 546 29939159
108 611.4770642201835 611.4770642201835 333554 545 30162226
109 611.7509157509157 611.7509157509157 334338 546 30390923
110 617.7559633027523 617.7559633027523 336978 545 30636709
111 619.3364140480592 619.3364140480592 335384 541 30848353
112 620.0423572744015 620.0423572744015 336983 543 31059794
113 622.3487084870849 622.3487084870849 337626 542 31295503
114 623.1694290976059 623.1694290976059 338696 543 31520143
115 629.1412639405205 629.1412639405205 338772 538 31731348
116 630.1576994434138 630.1576994434138 339973 539 31943400
117 628.2333333333333 630.1576994434138 339973 539 32151931
118 629.9347014925373 630.1576994434138 339973 539 32358198
119 636.0280898876405 636.0280898876405 339940 534 32564974
120 635.4785847299813 636.0280898876405 339940 534 32785818
121 638.2723880597015 638.2723880597015 342403 536 32990905
122 639.8461538461538 639.8461538461538 341353 533 33195947
123 646.066037735849 646.066037735849 342717 530 33407022
124 644.9792452830188 646.066037735849 342717 530 33624698
125 643.9566854990584 646.066037735849 342717 530 33841823
126 647.7164461247637 647.7164461247637 342952 529 34079111
127 653.1325757575758 653.1325757575758 345108 528 34295102
128 654.5246212121212 654.5246212121212 345902 528 34519248
129 655.5483870967741 655.5483870967741 345749 527 34760400
130 657.1783681214421 657.1783681214421 346630 527 34962775
131 657.2125237191651 657.2125237191651 346643 527 35162938
132 662.8095238095239 662.8095238095239 348191 525 35358732
133 663.0954198473282 663.0954198473282 347748 524 35558352
134 662.0457142857143 663.0954198473282 347748 524 35756409
135 666.5687022900763 666.5687022900763 349520 524 35978776
136 667.0823754789272 667.0823754789272 348506 522 36204611
137 669.1321839080459 669.1321839080459 349519 522 36419637
138 669.1612284069098 669.1612284069098 348909 521 36672234
139 675.0230769230769 675.0230769230769 351266 520 36872415
140 674.8214971209213 675.0230769230769 351266 520 37077216
141 672.2115384615385 675.0230769230769 351266 520 37296489
142 677.9419729206963 677.9419729206963 350711 517 37495354
143 680.7057692307692 680.7057692307692 354199 520 37693921
144 681.3687258687258 681.3687258687258 353182 518 37904335
145 684.3075435203094 684.3075435203094 354025 517 38115805
146 685.7747572815534 685.7747572815534 353443 515 38317767
147 690.3203883495146 690.3203883495146 355726 515 38518863
148 688.817120622568 690.3203883495146 355726 515 38727339
149 689.1378640776699 690.3203883495146 355726 515 38928435
150 692.6330097087379 692.6330097087379 356957 515 39138754
151 697.9941520467836 697.9941520467836 358284 513 39349260
152 697.3859649122807 697.9941520467836 358284 513 39555280
153 699.634765625 699.634765625 358442 512 39781684
154 701.458984375 701.458984375 359379 512 39995502
155 701.7137254901961 701.7137254901961 358097 510 40188597
156 707.7897838899803 707.7897838899803 360487 509 40384406
157 709.4173228346457 709.4173228346457 360619 508 40579160
158 709.2519685039371 709.4173228346457 360619 508 40783881
159 718.1699604743083 718.1699604743083 363619 506 40981473
160 720.3015873015873 720.3015873015873 363250 504 41175647
161 717.1775147928994 720.3015873015873 363250 504 41371213
162 720.0237623762376 720.3015873015873 363250 504 41569198
163 725.1706349206349 725.1706349206349 365702 504 41771652
164 724.6733067729084 725.1706349206349 365702 504 41965284
165 725.8824701195219 725.8824701195219 364614 502 42168238
166 730.5129740518962 730.5129740518962 366209 501 42414456
167 730.2295409181637 730.5129740518962 366209 501 42615970
168 730.454 730.5129740518962 366209 501 42809699
169 739.9678068410462 739.9678068410462 367990 497 43004318
170 733.654 739.9678068410462 367990 497 43213942
171 739.9678068410462 739.9678068410462 367990 497 43418916
172 744.339393939394 744.339393939394 368663 495 43617407
173 742.7818181818182 744.339393939394 368663 495 43816052
174 752.9369918699186 752.9369918699186 370670 492 44008584
175 746.4665314401623 752.9369918699186 370670 492 44241262
176 750.2150101419878 752.9369918699186 370670 492 44454637
177 750.0202839756593 752.9369918699186 370670 492 44685040
178 755.0794297352343 755.0794297352343 370968 491 44889290
179 757.7163265306123 757.7163265306123 371498 490 45074133
180 763.278118609407 763.278118609407 373465 489 45272297
181 757.8591836734694 763.278118609407 373465 489 45465176
182 760.2979591836735 763.278118609407 373465 489 45657340
183 763.2090163934427 763.278118609407 373465 489 45844774
184 764.9159836065573 764.9159836065573 373488 488 46033173
185 766.7213114754098 766.7213114754098 374380 488 46219860
186 771.9444444444445 771.9444444444445 375391 486 46404356
187 766.8565573770492 771.9444444444445 375391 486 46594722
188 773.3024691358024 773.3024691358024 376029 486 46782181
189 775.8161157024794 775.8161157024794 375712 484 46967848
190 773.1522633744856 775.8161157024794 375712 484 47152587
191 777.6280991735537 777.6280991735537 376602 484 47333772
192 777.8553719008264 777.8553719008264 376713 484 47515816
193 778.4824016563147 778.4824016563147 376228 483 47697966
194 779.4616977225672 779.4616977225672 376708 483 47880321
195 781.9128630705394 781.9128630705394 377151 482 48063954
196 784.2931392931393 784.2931392931393 377469 481 48248444
197 785.7291666666666 785.7291666666666 377351 480 48429648
198 783.8132780082988 785.7291666666666 377351 480 48616759
199 788.7962577962578 788.7962577962578 379637 481 48801144
200 787.9541666666667 788.7962577962578 379637 481 48984798
number of contigs : 481
Output file created
