Overlap threshold (Auto-tuned):  201
Fragments, config read and store time: 15969 ms
RUN 1
-------------
Generated Seeded Population
Generated Diverse Population
0 357400.0 357400.0 357612
1 362107.0 362107.0 362316 453 97311
2 365801.0 365801.0 365989 448 324304
3 366897.0 366897.0 367149 448 548680
4 369040.0 369040.0 369249 452 771246
5 369631.0 369631.0 369826 449 997673
6 372840.0 372840.0 373296 439 1217068
7 367096.0 372840.0 373296 439 1453461
8 369082.0 372840.0 373296 439 1706615
9 368321.0 372840.0 373296 439 1958067
10 368719.0 372840.0 373296 439 2246775
11 370007.0 372840.0 373296 439 2479790
12 371126.0 372840.0 373296 439 2697925
13 367373.0 372840.0 373296 439 2925723
14 368707.0 372840.0 373296 439 3172888
15 372236.0 372840.0 373296 439 3405100
16 369638.0 372840.0 373296 439 3618667
17 370244.0 372840.0 373296 439 3838755
18 368337.0 372840.0 373296 439 4061605
19 372887.0 372887.0 373077 445 4310680
20 371743.0 372887.0 373077 445 4567032
21 370771.0 372887.0 373077 445 4818786
22 371387.0 372887.0 373077 445 5118864
23 369570.0 372887.0 373077 445 5346259
24 374841.0 374841.0 375104 444 5584715
25 376130.0 376130.0 376558 448 5839910
26 369990.0 376130.0 376558 448 6109438
27 373109.0 376130.0 376558 448 6332331
28 371393.0 376130.0 376558 448 6572367
29 369971.0 376130.0 376558 448 6805901
30 373678.0 376130.0 376558 448 7027795
31 370521.0 376130.0 376558 448 7245056
32 372563.0 376130.0 376558 448 7469931
33 370661.0 376130.0 376558 448 7707025
34 369988.0 376130.0 376558 448 7953045
35 373069.0 376130.0 376558 448 8171466
36 372109.0 376130.0 376558 448 8388644
37 373092.0 376130.0 376558 448 8645883
38 373445.0 376130.0 376558 448 8859585
39 377156.0 377156.0 377367 453 9090486
40 375060.0 377156.0 377367 453 9344998
41 373504.0 377156.0 377367 453 9577690
42 374135.0 377156.0 377367 453 9807587
43 371279.0 377156.0 377367 453 10063164
44 370376.0 377156.0 377367 453 10287578
45 377165.0 377165.0 377794 448 10503815
46 374773.0 377165.0 377794 448 10721388
47 371170.0 377165.0 377794 448 10929753
48 379294.0 379294.0 379500 450 11144289
49 372050.0 379294.0 379500 450 11353803
50 372598.0 379294.0 379500 450 11559553
51 371486.0 379294.0 379500 450 11764671
52 377227.0 379294.0 379500 450 11973380
53 374468.0 379294.0 379500 450 12191614
54 374680.0 379294.0 379500 450 12400600
55 373759.0 379294.0 379500 450 12605658
56 373174.0 379294.0 379500 450 12812068
57 374148.0 379294.0 379500 450 13020429
58 378571.0 379294.0 379500 450 13244929
59 373333.0 379294.0 379500 450 13460824
60 373123.0 379294.0 379500 450 13664196
61 380846.0 380846.0 381043 452 13894631
62 371903.0 380846.0 381043 452 14111277
63 372433.0 380846.0 381043 452 14330245
64 374174.0 380846.0 381043 452 14551599
65 373241.0 380846.0 381043 452 14760596
66 374030.0 380846.0 381043 452 14988816
67 380822.0 380846.0 381043 452 15204015
68 378231.0 380846.0 381043 452 15414109
69 372914.0 380846.0 381043 452 15621214
70 374730.0 380846.0 381043 452 15862018
71 373781.0 380846.0 381043 452 16091400
72 376931.0 380846.0 381043 452 16337612
73 376806.0 380846.0 381043 452 16538407
74 373594.0 380846.0 381043 452 16756289
75 375463.0 380846.0 381043 452 16958413
76 372444.0 380846.0 381043 452 17161804
77 373346.0 380846.0 381043 452 17371157
78 374480.0 380846.0 381043 452 17586150
79 374098.0 380846.0 381043 452 17821114
80 372681.0 380846.0 381043 452 18047059
81 375074.0 380846.0 381043 452 18308778
82 374307.0 380846.0 381043 452 18518085
83 371952.0 380846.0 381043 452 18734705
84 378429.0 380846.0 381043 452 18956265
85 376287.0 380846.0 381043 452 19166212
86 376085.0 380846.0 381043 452 19372793
87 374024.0 380846.0 381043 452 19573970
88 376112.0 380846.0 381043 452 19775043
89 373450.0 380846.0 381043 452 20038167
90 376585.0 380846.0 381043 452 20247919
91 374190.0 380846.0 381043 452 20458257
92 370866.0 380846.0 381043 452 20690271
93 374890.0 380846.0 381043 452 20904524
94 375129.0 380846.0 381043 452 21107635
95 380281.0 380846.0 381043 452 21310323
96 374264.0 380846.0 381043 452 21523356
97 372839.0 380846.0 381043 452 21755595
98 376702.0 380846.0 381043 452 21986572
99 374237.0 380846.0 381043 452 22207691
100 374964.0 380846.0 381043 452 22414094
101 374055.0 380846.0 381043 452 22638485
102 377959.0 380846.0 381043 452 22843949
103 375300.0 380846.0 381043 452 23049935
104 377573.0 380846.0 381043 452 23256224
105 375162.0 380846.0 381043 452 23470017
106 374769.0 380846.0 381043 452 23679772
107 372967.0 380846.0 381043 452 23878971
108 376625.0 380846.0 381043 452 24085271
109 374463.0 380846.0 381043 452 24288397
110 376883.0 380846.0 381043 452 24488912
111 379433.0 380846.0 381043 452 24709571
112 378185.0 380846.0 381043 452 24909607
113 373564.0 380846.0 381043 452 25117824
114 372687.0 380846.0 381043 452 25315730
115 381285.0 381285.0 381503 446 25519976
116 375685.0 381285.0 381503 446 25724778
117 377797.0 381285.0 381503 446 25924206
118 378968.0 381285.0 381503 446 26146309
119 375324.0 381285.0 381503 446 26347103
120 380571.0 381285.0 381503 446 26546615
121 375331.0 381285.0 381503 446 26761127
122 375810.0 381285.0 381503 446 26976661
123 376604.0 381285.0 381503 446 27184915
124 378222.0 381285.0 381503 446 27385125
125 376298.0 381285.0 381503 446 27587015
126 378892.0 381285.0 381503 446 27784899
127 374552.0 381285.0 381503 446 27999915
128 371802.0 381285.0 381503 446 28196888
129 376479.0 381285.0 381503 446 28399680
130 374526.0 381285.0 381503 446 28596554
131 373427.0 381285.0 381503 446 28825938
132 376306.0 381285.0 381503 446 29069814
133 377002.0 381285.0 381503 446 29267328
134 378086.0 381285.0 381503 446 29467582
135 382566.0 382566.0 382856 434 29695538
136 381101.0 382566.0 382856 434 29932445
137 378636.0 382566.0 382856 434 30136144
138 375512.0 382566.0 382856 434 30342853
139 379025.0 382566.0 382856 434 30538913
140 382777.0 382777.0 383161 443 30735779
141 379812.0 382777.0 383161 443 30958471
142 377138.0 382777.0 383161 443 31154519
143 373047.0 382777.0 383161 443 31358021
144 376697.0 382777.0 383161 443 31553985
145 376268.0 382777.0 383161 443 31752169
146 380726.0 382777.0 383161 443 31952904
147 382541.0 382777.0 383161 443 32188753
148 374380.0 382777.0 383161 443 32405281
149 377868.0 382777.0 383161 443 32617046
150 375319.0 382777.0 383161 443 32827668
151 377065.0 382777.0 383161 443 33038064
152 375819.0 382777.0 383161 443 33254522
153 376221.0 382777.0 383161 443 33468053
154 379683.0 382777.0 383161 443 33668522
155 379022.0 382777.0 383161 443 33917948
156 374706.0 382777.0 383161 443 34131741
157 376774.0 382777.0 383161 443 34329709
158 378569.0 382777.0 383161 443 34542377
159 376431.0 382777.0 383161 443 34747712
160 377942.0 382777.0 383161 443 34945121
161 377142.0 382777.0 383161 443 35159694
162 377394.0 382777.0 383161 443 35357572
163 377199.0 382777.0 383161 443 35561219
164 373951.0 382777.0 383161 443 35756770
165 376318.0 382777.0 383161 443 35967868
166 375036.0 382777.0 383161 443 36163096
167 375086.0 382777.0 383161 443 36362514
168 376478.0 382777.0 383161 443 36586722
169 375378.0 382777.0 383161 443 36798783
170 378470.0 382777.0 383161 443 37000596
171 379863.0 382777.0 383161 443 37204732
172 378564.0 382777.0 383161 443 37436578
173 375869.0 382777.0 383161 443 37659386
174 376626.0 382777.0 383161 443 37867018
175 377522.0 382777.0 383161 443 38065389
176 377486.0 382777.0 383161 443 38279688
177 375345.0 382777.0 383161 443 38487275
178 377304.0 382777.0 383161 443 38700138
179 379091.0 382777.0 383161 443 38920974
180 376137.0 382777.0 383161 443 39124796
181 373530.0 382777.0 383161 443 39320520
182 375455.0 382777.0 383161 443 39514384
183 378812.0 382777.0 383161 443 39722082
184 377252.0 382777.0 383161 443 39942280
185 373818.0 382777.0 383161 443 40136041
186 376761.0 382777.0 383161 443 40342521
187 378464.0 382777.0 383161 443 40541093
188 379411.0 382777.0 383161 443 40735438
189 382323.0 382777.0 383161 443 40935504
190 377586.0 382777.0 383161 443 41133122
191 379194.0 382777.0 383161 443 41346205
192 377122.0 382777.0 383161 443 41555827
193 377986.0 382777.0 383161 443 41767722
194 379508.0 382777.0 383161 443 41996144
195 378366.0 382777.0 383161 443 42214450
196 378284.0 382777.0 383161 443 42411194
197 377232.0 382777.0 383161 443 42625866
198 379066.0 382777.0 383161 443 42819198
199 376190.0 382777.0 383161 443 43031895
200 377281.0 382777.0 383161 443 43228732
number of contigs : 443
Output file created
RUN 2
-------------
Generated Seeded Population
Generated Diverse Population
0 362005.0 362005.0 362189
1 359839.0 362005.0 362189 437 97550
2 373001.0 373001.0 373179 447 352924
3 367903.0 373001.0 373179 447 580186
4 368415.0 373001.0 373179 447 807969
5 367323.0 373001.0 373179 447 1061199
6 367769.0 373001.0 373179 447 1296145
7 373131.0 373131.0 373444 439 1513815
8 375234.0 375234.0 375436 443 1728435
9 378204.0 378204.0 378513 440 1948683
10 370690.0 378204.0 378513 440 2164915
11 369273.0 378204.0 378513 440 2391767
12 369971.0 378204.0 378513 440 2640910
13 371519.0 378204.0 378513 440 2889859
14 369942.0 378204.0 378513 440 3118404
15 372049.0 378204.0 378513 440 3348597
16 372169.0 378204.0 378513 440 3577748
17 372374.0 378204.0 378513 440 3822119
18 372277.0 378204.0 378513 440 4046731
19 376231.0 378204.0 378513 440 4282657
20 370694.0 378204.0 378513 440 4530973
21 371166.0 378204.0 378513 440 4802495
22 373536.0 378204.0 378513 440 5019245
23 372218.0 378204.0 378513 440 5229315
24 371575.0 378204.0 378513 440 5439405
25 373683.0 378204.0 378513 440 5664320
26 371242.0 378204.0 378513 440 5905094
27 371441.0 378204.0 378513 440 6162761
28 375601.0 378204.0 378513 440 6395980
29 378688.0 378688.0 379236 437 6629177
30 375554.0 378688.0 379236 437 6870913
31 374256.0 378688.0 379236 437 7114261
32 372568.0 378688.0 379236 437 7342884
33 373090.0 378688.0 379236 437 7557929
34 372326.0 378688.0 379236 437 7802431
35 371854.0 378688.0 379236 437 8031719
36 373484.0 378688.0 379236 437 8249246
37 371936.0 378688.0 379236 437 8473089
38 372690.0 378688.0 379236 437 8684352
39 371888.0 378688.0 379236 437 8900770
40 372895.0 378688.0 379236 437 9111827
41 370450.0 378688.0 379236 437 9332908
42 371728.0 378688.0 379236 437 9548813
43 376250.0 378688.0 379236 437 9757373
44 379909.0 379909.0 380098 439 9965805
45 373015.0 379909.0 380098 439 10172851
46 370226.0 379909.0 380098 439 10380182
47 372804.0 379909.0 380098 439 10594151
48 373322.0 379909.0 380098 439 10801909
49 375936.0 379909.0 380098 439 11008777
50 374102.0 379909.0 380098 439 11243812
51 374152.0 379909.0 380098 439 11458302
52 370309.0 379909.0 380098 439 11672131
53 374558.0 379909.0 380098 439 11881040
54 370507.0 379909.0 380098 439 12092069
55 372607.0 379909.0 380098 439 12318153
56 372433.0 379909.0 380098 439 12539872
57 373590.0 379909.0 380098 439 12777370
58 376498.0 379909.0 380098 439 12983399
59 376642.0 379909.0 380098 439 13189616
60 372378.0 379909.0 380098 439 13409175
61 374965.0 379909.0 380098 439 13642662
62 371668.0 379909.0 380098 439 13864050
63 375939.0 379909.0 380098 439 14080700
64 374154.0 379909.0 380098 439 14290750
65 375101.0 379909.0 380098 439 14505454
66 372692.0 379909.0 380098 439 14729589
67 376281.0 379909.0 380098 439 14942936
68 370837.0 379909.0 380098 439 15160770
69 370835.0 379909.0 380098 439 15383887
70 377828.0 379909.0 380098 439 15588082
71 372818.0 379909.0 380098 439 15829872
72 372058.0 379909.0 380098 439 16058185
73 372813.0 379909.0 380098 439 16279523
74 374610.0 379909.0 380098 439 16505794
75 371252.0 379909.0 380098 439 16725191
76 371806.0 379909.0 380098 439 16954716
77 379425.0 379909.0 380098 439 17172073
78 376855.0 379909.0 380098 439 17380612
79 372638.0 379909.0 380098 439 17590337
80 375871.0 379909.0 380098 439 17800101
81 377490.0 379909.0 380098 439 18024965
82 376465.0 379909.0 380098 439 18242715
83 371796.0 379909.0 380098 439 18468022
84 372819.0 379909.0 380098 439 18685940
85 374647.0 379909.0 380098 439 18898418
86 372700.0 379909.0 380098 439 19132297
87 373672.0 379909.0 380098 439 19341377
88 374921.0 379909.0 380098 439 19555635
89 376119.0 379909.0 380098 439 19761854
90 373457.0 379909.0 380098 439 19982741
91 370614.0 379909.0 380098 439 20195868
92 373164.0 379909.0 380098 439 20441392
93 374802.0 379909.0 380098 439 20656174
94 377134.0 379909.0 380098 439 20883636
95 376843.0 379909.0 380098 439 21115889
96 374613.0 379909.0 380098 439 21329971
97 373249.0 379909.0 380098 439 21551150
98 375142.0 379909.0 380098 439 21754216
99 373469.0 379909.0 380098 439 22036627
100 374362.0 379909.0 380098 439 22292887
101 369857.0 379909.0 380098 439 22500883
102 373224.0 379909.0 380098 439 22739238
103 375490.0 379909.0 380098 439 22958355
104 375601.0 379909.0 380098 439 23189180
105 373943.0 379909.0 380098 439 23447089
106 375013.0 379909.0 380098 439 23653883
107 373121.0 379909.0 380098 439 23859967
108 375445.0 379909.0 380098 439 24087997
109 371955.0 379909.0 380098 439 24303819
110 373494.0 379909.0 380098 439 24520104
111 378780.0 379909.0 380098 439 24763146
112 375052.0 379909.0 380098 439 24972012
113 378494.0 379909.0 380098 439 25188322
114 372611.0 379909.0 380098 439 25454539
115 372923.0 379909.0 380098 439 25677346
116 376189.0 379909.0 380098 439 25908133
117 373848.0 379909.0 380098 439 26132899
118 374824.0 379909.0 380098 439 26344415
119 376681.0 379909.0 380098 439 26574414
120 378443.0 379909.0 380098 439 26816147
121 379212.0 379909.0 380098 439 27053160
122 377210.0 379909.0 380098 439 27307522
123 374052.0 379909.0 380098 439 27543500
124 371983.0 379909.0 380098 439 27751429
125 376238.0 379909.0 380098 439 27973723
126 374510.0 379909.0 380098 439 28183497
127 374659.0 379909.0 380098 439 28411552
128 374274.0 379909.0 380098 439 28619758
129 370568.0 379909.0 380098 439 28835334
130 373110.0 379909.0 380098 439 29046883
131 375638.0 379909.0 380098 439 29279235
132 377143.0 379909.0 380098 439 29484784
133 376085.0 379909.0 380098 439 29687848
134 373996.0 379909.0 380098 439 29891427
135 373346.0 379909.0 380098 439 30117368
136 374042.0 379909.0 380098 439 30327471
137 375852.0 379909.0 380098 439 30546154
138 377337.0 379909.0 380098 439 30751749
139 377357.0 379909.0 380098 439 30959532
140 376579.0 379909.0 380098 439 31168191
141 373820.0 379909.0 380098 439 31366865
142 374934.0 379909.0 380098 439 31582786
143 372596.0 379909.0 380098 439 31789190
144 374344.0 379909.0 380098 439 32032764
145 373116.0 379909.0 380098 439 32282310
146 373687.0 379909.0 380098 439 32528204
147 376733.0 379909.0 380098 439 32765619
148 373618.0 379909.0 380098 439 32972644
149 377621.0 379909.0 380098 439 33182869
150 376149.0 379909.0 380098 439 33396977
151 377823.0 379909.0 380098 439 33607059
152 375803.0 379909.0 380098 439 33835357
153 377266.0 379909.0 380098 439 34040756
154 373556.0 379909.0 380098 439 34272386
155 371895.0 379909.0 380098 439 34495738
156 374437.0 379909.0 380098 439 34724928
157 376319.0 379909.0 380098 439 34930867
158 377239.0 379909.0 380098 439 35157827
159 374482.0 379909.0 380098 439 35369981
160 373027.0 379909.0 380098 439 35581317
161 380082.0 380082.0 380309 439 35779220
162 377606.0 380082.0 380309 439 35978001
163 373762.0 380082.0 380309 439 36188587
164 374480.0 380082.0 380309 439 36397738
165 373950.0 380082.0 380309 439 36617919
166 372848.0 380082.0 380309 439 36826138
167 375551.0 380082.0 380309 439 37058636
168 377708.0 380082.0 380309 439 37293694
169 379349.0 380082.0 380309 439 37506217
170 374045.0 380082.0 380309 439 37706124
171 376711.0 380082.0 380309 439 37925881
172 376077.0 380082.0 380309 439 38128810
173 374391.0 380082.0 380309 439 38341473
174 378571.0 380082.0 380309 439 38552538
175 375402.0 380082.0 380309 439 38764967
176 372379.0 380082.0 380309 439 38982496
177 373327.0 380082.0 380309 439 39181006
178 371516.0 380082.0 380309 439 39381960
179 380250.0 380250.0 380677 443 39594761
180 377069.0 380250.0 380677 443 39798439
181 375141.0 380250.0 380677 443 39997607
182 373526.0 380250.0 380677 443 40207379
183 378792.0 380250.0 380677 443 40407929
184 375280.0 380250.0 380677 443 40603611
185 375766.0 380250.0 380677 443 40813698
186 376675.0 380250.0 380677 443 41019882
187 375671.0 380250.0 380677 443 41232305
188 376386.0 380250.0 380677 443 41433059
189 375216.0 380250.0 380677 443 41635581
190 376622.0 380250.0 380677 443 41835064
191 378811.0 380250.0 380677 443 42057131
192 375041.0 380250.0 380677 443 42263802
193 373992.0 380250.0 380677 443 42467770
194 375299.0 380250.0 380677 443 42680964
195 378874.0 380250.0 380677 443 42881242
196 373163.0 380250.0 380677 443 43077913
197 372838.0 380250.0 380677 443 43275048
198 376915.0 380250.0 380677 443 43506052
199 377270.0 380250.0 380677 443 43714591
200 377296.0 380250.0 380677 443 43910570
number of contigs : 443
Output file created
RUN 3
-------------
Generated Seeded Population
Generated Diverse Population
0 353468.0 353468.0 353703
1 361666.0 361666.0 362092 449 97670
2 367761.0 367761.0 367973 438 339668
3 370115.0 370115.0 370361 446 559760
4 370653.0 370653.0 370840 454 780751
5 373159.0 373159.0 373379 444 1010912
6 371183.0 373159.0 373379 444 1249729
7 370503.0 373159.0 373379 444 1476362
8 370619.0 373159.0 373379 444 1725549
9 370996.0 373159.0 373379 444 1978609
10 372518.0 373159.0 373379 444 2205877
11 369825.0 373159.0 373379 444 2419156
12 371248.0 373159.0 373379 444 2631164
13 372540.0 373159.0 373379 444 2851426
14 374752.0 374752.0 375101 438 3061136
15 372879.0 374752.0 375101 438 3302001
16 371607.0 374752.0 375101 438 3514972
17 373758.0 374752.0 375101 438 3726764
18 376373.0 376373.0 376636 442 3935481
19 374433.0 376373.0 376636 442 4144601
20 381079.0 381079.0 381255 434 4360278
21 370838.0 381079.0 381255 434 4566792
22 380130.0 381079.0 381255 434 4773811
23 370783.0 381079.0 381255 434 5007656
24 374060.0 381079.0 381255 434 5217691
25 373556.0 381079.0 381255 434 5444440
26 371911.0 381079.0 381255 434 5662125
27 374263.0 381079.0 381255 434 5887154
28 374275.0 381079.0 381255 434 6092354
29 370294.0 381079.0 381255 434 6316304
30 371257.0 381079.0 381255 434 6547285
31 373642.0 381079.0 381255 434 6759940
32 374387.0 381079.0 381255 434 7009951
33 370785.0 381079.0 381255 434 7233500
34 374367.0 381079.0 381255 434 7444676
35 372277.0 381079.0 381255 434 7650685
36 376572.0 381079.0 381255 434 7867438
37 375920.0 381079.0 381255 434 8075374
38 375027.0 381079.0 381255 434 8294644
39 375914.0 381079.0 381255 434 8512994
40 372935.0 381079.0 381255 434 8719512
41 371226.0 381079.0 381255 434 8923140
42 375940.0 381079.0 381255 434 9125713
43 371396.0 381079.0 381255 434 9329600
44 374939.0 381079.0 381255 434 9545163
45 374165.0 381079.0 381255 434 9752563
46 372784.0 381079.0 381255 434 9956474
47 372835.0 381079.0 381255 434 10162168
48 375411.0 381079.0 381255 434 10377662
49 371415.0 381079.0 381255 434 10587471
50 373525.0 381079.0 381255 434 10796162
51 372949.0 381079.0 381255 434 11007556
52 374804.0 381079.0 381255 434 11228765
53 372656.0 381079.0 381255 434 11436976
54 373795.0 381079.0 381255 434 11643071
55 374825.0 381079.0 381255 434 11847294
56 373068.0 381079.0 381255 434 12055848
57 374847.0 381079.0 381255 434 12281175
58 372827.0 381079.0 381255 434 12482527
59 373289.0 381079.0 381255 434 12690721
60 373678.0 381079.0 381255 434 12898772
61 374340.0 381079.0 381255 434 13101780
62 377046.0 381079.0 381255 434 13323955
63 378674.0 381079.0 381255 434 13527157
64 372881.0 381079.0 381255 434 13727903
65 373894.0 381079.0 381255 434 13929794
66 377418.0 381079.0 381255 434 14150125
67 373939.0 381079.0 381255 434 14378654
68 374812.0 381079.0 381255 434 14589548
69 372778.0 381079.0 381255 434 14809404
70 373487.0 381079.0 381255 434 15025292
71 377587.0 381079.0 381255 434 15239245
72 376643.0 381079.0 381255 434 15448839
73 373613.0 381079.0 381255 434 15672920
74 373252.0 381079.0 381255 434 15883425
75 371381.0 381079.0 381255 434 16099884
76 373158.0 381079.0 381255 434 16313091
77 375055.0 381079.0 381255 434 16520397
78 375753.0 381079.0 381255 434 16737010
79 381254.0 381254.0 381524 458 16948162
80 375729.0 381254.0 381524 458 17161651
81 374594.0 381254.0 381524 458 17383268
82 375413.0 381254.0 381524 458 17589603
83 373754.0 381254.0 381524 458 17791661
84 374714.0 381254.0 381524 458 18030407
85 372897.0 381254.0 381524 458 18245309
86 372733.0 381254.0 381524 458 18448707
87 376862.0 381254.0 381524 458 18653899
88 374985.0 381254.0 381524 458 18862519
89 375773.0 381254.0 381524 458 19082416
90 375072.0 381254.0 381524 458 19286579
91 372754.0 381254.0 381524 458 19489232
92 378209.0 381254.0 381524 458 19706138
93 374726.0 381254.0 381524 458 19939395
94 377579.0 381254.0 381524 458 20154699
95 375181.0 381254.0 381524 458 20357180
96 373331.0 381254.0 381524 458 20567751
97 375547.0 381254.0 381524 458 20811451
98 374046.0 381254.0 381524 458 21047434
99 377289.0 381254.0 381524 458 21258273
100 373561.0 381254.0 381524 458 21484093
101 376514.0 381254.0 381524 458 21710955
102 379749.0 381254.0 381524 458 21921283
103 380557.0 381254.0 381524 458 22127494
104 374598.0 381254.0 381524 458 22342720
105 375002.0 381254.0 381524 458 22547465
106 376918.0 381254.0 381524 458 22757948
107 375927.0 381254.0 381524 458 22959068
108 378215.0 381254.0 381524 458 23159657
109 378828.0 381254.0 381524 458 23390599
110 375799.0 381254.0 381524 458 23611031
111 373899.0 381254.0 381524 458 23818610
112 380834.0 381254.0 381524 458 24029135
113 376033.0 381254.0 381524 458 24259312
114 377690.0 381254.0 381524 458 24465781
115 374586.0 381254.0 381524 458 24680647
116 375071.0 381254.0 381524 458 24882428
117 376798.0 381254.0 381524 458 25084403
118 374284.0 381254.0 381524 458 25303412
119 382931.0 382931.0 383174 437 25509812
120 375252.0 382931.0 383174 437 25713185
121 373976.0 382931.0 383174 437 25914842
122 373483.0 382931.0 383174 437 26181270
123 376129.0 382931.0 383174 437 26386866
124 377808.0 382931.0 383174 437 26584557
125 372708.0 382931.0 383174 437 26783721
126 374384.0 382931.0 383174 437 26983503
127 374540.0 382931.0 383174 437 27201221
128 376954.0 382931.0 383174 437 27401151
129 375433.0 382931.0 383174 437 27608145
130 377809.0 382931.0 383174 437 27810151
131 377984.0 382931.0 383174 437 28030475
132 381558.0 382931.0 383174 437 28247674
133 376066.0 382931.0 383174 437 28463833
134 374670.0 382931.0 383174 437 28672802
135 374325.0 382931.0 383174 437 28877689
136 376184.0 382931.0 383174 437 29106840
137 376625.0 382931.0 383174 437 29327687
138 381887.0 382931.0 383174 437 29526940
139 376145.0 382931.0 383174 437 29738147
140 378199.0 382931.0 383174 437 29934297
141 379842.0 382931.0 383174 437 30131534
142 376822.0 382931.0 383174 437 30373090
143 374883.0 382931.0 383174 437 30576196
144 373903.0 382931.0 383174 437 30804486
145 376047.0 382931.0 383174 437 31026465
146 376754.0 382931.0 383174 437 31256365
147 380621.0 382931.0 383174 437 31461961
148 377040.0 382931.0 383174 437 31661455
149 378218.0 382931.0 383174 437 31884713
150 376590.0 382931.0 383174 437 32085400
151 377475.0 382931.0 383174 437 32298289
152 376349.0 382931.0 383174 437 32558848
153 377460.0 382931.0 383174 437 32789325
154 376155.0 382931.0 383174 437 33085968
155 381176.0 382931.0 383174 437 33283049
156 377691.0 382931.0 383174 437 33508332
157 374764.0 382931.0 383174 437 33715090
158 384832.0 384832.0 385223 439 33936989
159 373592.0 384832.0 385223 439 34135964
160 379770.0 384832.0 385223 439 34409852
161 378349.0 384832.0 385223 439 34631411
162 376727.0 384832.0 385223 439 34832934
163 383746.0 384832.0 385223 439 35034491
164 375775.0 384832.0 385223 439 35247043
165 376101.0 384832.0 385223 439 35449745
166 376104.0 384832.0 385223 439 35677468
167 376951.0 384832.0 385223 439 35878880
168 376633.0 384832.0 385223 439 36110254
169 380267.0 384832.0 385223 439 36312423
170 375523.0 384832.0 385223 439 36518192
171 376947.0 384832.0 385223 439 36733521
172 376911.0 384832.0 385223 439 36927858
173 376759.0 384832.0 385223 439 37128689
174 377984.0 384832.0 385223 439 37327277
175 378478.0 384832.0 385223 439 37522544
176 376532.0 384832.0 385223 439 37717733
177 378973.0 384832.0 385223 439 37950453
178 377866.0 384832.0 385223 439 38145759
179 377100.0 384832.0 385223 439 38340898
180 379107.0 384832.0 385223 439 38537411
181 374352.0 384832.0 385223 439 38750367
182 376302.0 384832.0 385223 439 38974726
183 379100.0 384832.0 385223 439 39170568
184 379352.0 384832.0 385223 439 39367990
185 375173.0 384832.0 385223 439 39562813
186 377818.0 384832.0 385223 439 39758761
187 375890.0 384832.0 385223 439 39965947
188 380437.0 384832.0 385223 439 40160645
189 375604.0 384832.0 385223 439 40367518
190 375660.0 384832.0 385223 439 40564820
191 376877.0 384832.0 385223 439 40766833
192 377170.0 384832.0 385223 439 40962386
193 379236.0 384832.0 385223 439 41166554
194 379271.0 384832.0 385223 439 41374390
195 378091.0 384832.0 385223 439 41569156
196 378597.0 384832.0 385223 439 41779353
197 374909.0 384832.0 385223 439 41982976
198 377526.0 384832.0 385223 439 42215655
199 380439.0 384832.0 385223 439 42421868
200 377181.0 384832.0 385223 439 42625503
number of contigs : 439
Output file created
RUN 4
-------------
Generated Seeded Population
Generated Diverse Population
0 366210.0 366210.0 366577
1 364503.0 366210.0 366577 451 98164
2 371368.0 371368.0 371855 445 317582
3 368545.0 371368.0 371855 445 535337
4 369618.0 371368.0 371855 445 752212
5 367378.0 371368.0 371855 445 968679
6 373856.0 373856.0 374224 444 1226183
7 369459.0 373856.0 374224 444 1449829
8 370363.0 373856.0 374224 444 1664982
9 368607.0 373856.0 374224 444 1887298
10 370371.0 373856.0 374224 444 2115363
11 378308.0 378308.0 378566 431 2341323
12 372736.0 378308.0 378566 431 2559217
13 370592.0 378308.0 378566 431 2798591
14 368144.0 378308.0 378566 431 3020080
15 369361.0 378308.0 378566 431 3240491
16 370082.0 378308.0 378566 431 3453084
17 372760.0 378308.0 378566 431 3669421
18 372032.0 378308.0 378566 431 3881685
19 370489.0 378308.0 378566 431 4094739
20 372539.0 378308.0 378566 431 4312631
21 368587.0 378308.0 378566 431 4525939
22 371486.0 378308.0 378566 431 4737826
23 372838.0 378308.0 378566 431 4950576
24 368827.0 378308.0 378566 431 5162491
25 372900.0 378308.0 378566 431 5395371
26 371592.0 378308.0 378566 431 5609782
27 375504.0 378308.0 378566 431 5821302
28 372051.0 378308.0 378566 431 6032610
29 370151.0 378308.0 378566 431 6268376
30 370105.0 378308.0 378566 431 6479600
31 371058.0 378308.0 378566 431 6690259
32 374826.0 378308.0 378566 431 6900447
33 371161.0 378308.0 378566 431 7113032
34 375703.0 378308.0 378566 431 7337283
35 371826.0 378308.0 378566 431 7548801
36 374465.0 378308.0 378566 431 7759717
37 371861.0 378308.0 378566 431 7970139
38 374499.0 378308.0 378566 431 8191982
39 370204.0 378308.0 378566 431 8406156
40 370927.0 378308.0 378566 431 8617242
41 372350.0 378308.0 378566 431 8826785
42 371116.0 378308.0 378566 431 9035720
43 376840.0 378308.0 378566 431 9244378
44 369975.0 378308.0 378566 431 9452870
45 373014.0 378308.0 378566 431 9661516
46 377367.0 378308.0 378566 431 9870476
47 374721.0 378308.0 378566 431 10079010
48 376331.0 378308.0 378566 431 10287018
49 374481.0 378308.0 378566 431 10494951
50 371320.0 378308.0 378566 431 10703160
51 376619.0 378308.0 378566 431 10909989
52 374692.0 378308.0 378566 431 11117475
53 370880.0 378308.0 378566 431 11325000
54 377752.0 378308.0 378566 431 11533114
55 377969.0 378308.0 378566 431 11740004
56 374459.0 378308.0 378566 431 11948499
57 375004.0 378308.0 378566 431 12155390
58 373032.0 378308.0 378566 431 12361950
59 374540.0 378308.0 378566 431 12570729
60 371752.0 378308.0 378566 431 12800978
61 372941.0 378308.0 378566 431 13008662
62 373809.0 378308.0 378566 431 13214779
63 371224.0 378308.0 378566 431 13421621
64 374367.0 378308.0 378566 431 13629819
65 373086.0 378308.0 378566 431 13835874
66 373162.0 378308.0 378566 431 14042435
67 377781.0 378308.0 378566 431 14249321
68 376662.0 378308.0 378566 431 14455237
69 373954.0 378308.0 378566 431 14662811
70 373247.0 378308.0 378566 431 14868061
71 372802.0 378308.0 378566 431 15084136
72 372688.0 378308.0 378566 431 15288390
73 376346.0 378308.0 378566 431 15493872
74 374192.0 378308.0 378566 431 15698489
75 375995.0 378308.0 378566 431 15902581
76 372113.0 378308.0 378566 431 16106838
77 371965.0 378308.0 378566 431 16310554
78 374521.0 378308.0 378566 431 16515423
79 374177.0 378308.0 378566 431 16727861
80 375253.0 378308.0 378566 431 16937430
81 375146.0 378308.0 378566 431 17201045
82 374123.0 378308.0 378566 431 17409631
83 374893.0 378308.0 378566 431 17621294
84 372907.0 378308.0 378566 431 17848407
85 372418.0 378308.0 378566 431 18059033
86 377391.0 378308.0 378566 431 18268501
87 372869.0 378308.0 378566 431 18471424
88 375729.0 378308.0 378566 431 18674330
89 372535.0 378308.0 378566 431 18876768
90 374894.0 378308.0 378566 431 19079460
91 373465.0 378308.0 378566 431 19283473
92 374904.0 378308.0 378566 431 19507950
93 379527.0 379527.0 379744 432 19754190
94 377819.0 379527.0 379744 432 19959315
95 374870.0 379527.0 379744 432 20163118
96 371960.0 379527.0 379744 432 20366585
97 376020.0 379527.0 379744 432 20570841
98 376027.0 379527.0 379744 432 20773690
99 372367.0 379527.0 379744 432 20977514
100 377074.0 379527.0 379744 432 21180254
101 375476.0 379527.0 379744 432 21392377
102 371046.0 379527.0 379744 432 21599067
103 374750.0 379527.0 379744 432 21832298
104 371775.0 379527.0 379744 432 22037828
105 373117.0 379527.0 379744 432 22245481
106 371754.0 379527.0 379744 432 22451866
107 374096.0 379527.0 379744 432 22654540
108 377385.0 379527.0 379744 432 22857376
109 374852.0 379527.0 379744 432 23081563
110 375031.0 379527.0 379744 432 23311321
111 376307.0 379527.0 379744 432 23521693
112 376685.0 379527.0 379744 432 23724716
113 376140.0 379527.0 379744 432 23927678
114 379146.0 379527.0 379744 432 24143277
115 375502.0 379527.0 379744 432 24346201
116 372168.0 379527.0 379744 432 24548555
117 373735.0 379527.0 379744 432 24783121
118 375666.0 379527.0 379744 432 24986151
119 376842.0 379527.0 379744 432 25188194
120 377321.0 379527.0 379744 432 25390011
121 377904.0 379527.0 379744 432 25593588
122 377042.0 379527.0 379744 432 25796445
123 373093.0 379527.0 379744 432 26003794
124 377798.0 379527.0 379744 432 26207140
125 378167.0 379527.0 379744 432 26410066
126 379985.0 379985.0 380406 440 26613486
127 379706.0 379985.0 380406 440 26832000
128 375655.0 379985.0 380406 440 27045113
129 373520.0 379985.0 380406 440 27250797
130 374549.0 379985.0 380406 440 27505872
131 377224.0 379985.0 380406 440 27709741
132 373672.0 379985.0 380406 440 27911286
133 375282.0 379985.0 380406 440 28114075
134 371665.0 379985.0 380406 440 28317070
135 375363.0 379985.0 380406 440 28522921
136 376878.0 379985.0 380406 440 28725186
137 374623.0 379985.0 380406 440 28931306
138 378264.0 379985.0 380406 440 29132700
139 377478.0 379985.0 380406 440 29352639
140 377885.0 379985.0 380406 440 29562918
141 383108.0 383108.0 383706 435 29770975
142 374131.0 383108.0 383706 435 30013170
143 375732.0 383108.0 383706 435 30219377
144 373221.0 383108.0 383706 435 30420736
145 379911.0 383108.0 383706 435 30639099
146 373722.0 383108.0 383706 435 30889038
147 376747.0 383108.0 383706 435 31120300
148 375350.0 383108.0 383706 435 31325622
149 375801.0 383108.0 383706 435 31529093
150 374999.0 383108.0 383706 435 31737937
151 377736.0 383108.0 383706 435 31990773
152 374389.0 383108.0 383706 435 32194328
153 375454.0 383108.0 383706 435 32395187
154 374920.0 383108.0 383706 435 32595918
155 374874.0 383108.0 383706 435 32796423
156 378134.0 383108.0 383706 435 33008181
157 377411.0 383108.0 383706 435 33209874
158 375227.0 383108.0 383706 435 33410803
159 375122.0 383108.0 383706 435 33639185
160 378773.0 383108.0 383706 435 33845053
161 375966.0 383108.0 383706 435 34049302
162 376893.0 383108.0 383706 435 34250794
163 375467.0 383108.0 383706 435 34480584
164 376050.0 383108.0 383706 435 34692627
165 376606.0 383108.0 383706 435 34909077
166 376708.0 383108.0 383706 435 35112119
167 377919.0 383108.0 383706 435 35312968
168 376093.0 383108.0 383706 435 35531988
169 373531.0 383108.0 383706 435 35735742
170 376126.0 383108.0 383706 435 35937037
171 374835.0 383108.0 383706 435 36140048
172 377028.0 383108.0 383706 435 36367746
173 374970.0 383108.0 383706 435 36574577
174 381817.0 383108.0 383706 435 36785048
175 379390.0 383108.0 383706 435 36991782
176 383840.0 383840.0 384075 444 37196952
177 377260.0 383840.0 384075 444 37398636
178 380989.0 383840.0 384075 444 37641652
179 379637.0 383840.0 384075 444 37842507
180 376234.0 383840.0 384075 444 38061994
181 376174.0 383840.0 384075 444 38264627
182 379979.0 383840.0 384075 444 38496086
183 376201.0 383840.0 384075 444 38726410
184 379990.0 383840.0 384075 444 38924858
185 375109.0 383840.0 384075 444 39131710
186 376729.0 383840.0 384075 444 39362138
187 378194.0 383840.0 384075 444 39576202
188 375378.0 383840.0 384075 444 39774997
189 376611.0 383840.0 384075 444 39973653
190 378057.0 383840.0 384075 444 40190308
191 378785.0 383840.0 384075 444 40389079
192 377524.0 383840.0 384075 444 40586948
193 378275.0 383840.0 384075 444 40784876
194 375173.0 383840.0 384075 444 41019964
195 380908.0 383840.0 384075 444 41218447
196 382143.0 383840.0 384075 444 41415983
197 378096.0 383840.0 384075 444 41646381
198 378506.0 383840.0 384075 444 41848378
199 380620.0 383840.0 384075 444 42057241
200 377572.0 383840.0 384075 444 42265089
number of contigs : 444
Output file created
RUN 5
-------------
Generated Seeded Population
Generated Diverse Population
0 357260.0 357260.0 357471
1 363112.0 363112.0 363709 445 97343
2 369481.0 369481.0 369702 452 329381
3 366935.0 369481.0 369702 452 547477
4 368087.0 369481.0 369702 452 764260
5 369128.0 369481.0 369702 452 980217
6 375924.0 375924.0 376312 445 1225081
7 369701.0 375924.0 376312 445 1457006
8 367026.0 375924.0 376312 445 1672221
9 366911.0 375924.0 376312 445 1887934
10 373081.0 375924.0 376312 445 2103420
11 372372.0 375924.0 376312 445 2319381
12 371074.0 375924.0 376312 445 2537926
13 372903.0 375924.0 376312 445 2759374
14 371436.0 375924.0 376312 445 2972766
15 372886.0 375924.0 376312 445 3187397
16 373603.0 375924.0 376312 445 3400766
17 371621.0 375924.0 376312 445 3629947
18 375490.0 375924.0 376312 445 3841643
19 376732.0 376732.0 376947 450 4059149
20 373366.0 376732.0 376947 450 4296766
21 373719.0 376732.0 376947 450 4520717
22 370997.0 376732.0 376947 450 4732959
23 375021.0 376732.0 376947 450 4950885
24 373668.0 376732.0 376947 450 5177588
25 370837.0 376732.0 376947 450 5389162
26 374552.0 376732.0 376947 450 5601608
27 372723.0 376732.0 376947 450 5810792
28 370688.0 376732.0 376947 450 6024932
29 372821.0 376732.0 376947 450 6238081
30 372511.0 376732.0 376947 450 6451524
31 373902.0 376732.0 376947 450 6683526
32 371230.0 376732.0 376947 450 6919734
33 370805.0 376732.0 376947 450 7142033
34 372028.0 376732.0 376947 450 7356275
35 372212.0 376732.0 376947 450 7576271
36 376533.0 376732.0 376947 450 7790160
37 373183.0 376732.0 376947 450 8000520
38 371521.0 376732.0 376947 450 8208969
39 373533.0 376732.0 376947 450 8419599
40 375709.0 376732.0 376947 450 8628620
41 369857.0 376732.0 376947 450 8841663
42 373814.0 376732.0 376947 450 9068104
43 371491.0 376732.0 376947 450 9290850
44 376620.0 376732.0 376947 450 9500670
45 372590.0 376732.0 376947 450 9751815
46 372428.0 376732.0 376947 450 9977938
47 372823.0 376732.0 376947 450 10186760
48 373352.0 376732.0 376947 450 10395512
49 374177.0 376732.0 376947 450 10622881
50 372055.0 376732.0 376947 450 10864615
51 375899.0 376732.0 376947 450 11093337
52 372851.0 376732.0 376947 450 11326008
53 373021.0 376732.0 376947 450 11542918
54 374940.0 376732.0 376947 450 11749885
55 371044.0 376732.0 376947 450 11958104
56 374559.0 376732.0 376947 450 12166220
57 372265.0 376732.0 376947 450 12379971
58 378002.0 378002.0 378171 439 12614591
59 374823.0 378002.0 378171 439 12832158
60 371037.0 378002.0 378171 439 13070526
61 371757.0 378002.0 378171 439 13294513
62 375489.0 378002.0 378171 439 13507532
63 371774.0 378002.0 378171 439 13714946
64 374221.0 378002.0 378171 439 13960475
65 372904.0 378002.0 378171 439 14167596
66 372977.0 378002.0 378171 439 14431740
67 372584.0 378002.0 378171 439 14639786
68 374636.0 378002.0 378171 439 14846888
69 377729.0 378002.0 378171 439 15068831
70 373176.0 378002.0 378171 439 15275686
71 378870.0 378870.0 379452 437 15482024
72 373623.0 378870.0 379452 437 15687841
73 373177.0 378870.0 379452 437 15894366
74 372686.0 378870.0 379452 437 16102924
75 372424.0 378870.0 379452 437 16309637
76 374215.0 378870.0 379452 437 16515857
77 371483.0 378870.0 379452 437 16721986
78 377936.0 378870.0 379452 437 16928112
79 371763.0 378870.0 379452 437 17134786
80 373676.0 378870.0 379452 437 17340838
81 373594.0 378870.0 379452 437 17546840
82 376484.0 378870.0 379452 437 17752922
83 372156.0 378870.0 379452 437 17959077
84 377215.0 378870.0 379452 437 18164807
85 378307.0 378870.0 379452 437 18370221
86 378909.0 378909.0 379720 436 18575631
87 378039.0 378909.0 379720 436 18781316
88 379141.0 379141.0 379516 450 18986403
89 374569.0 379141.0 379516 450 19191550
90 374575.0 379141.0 379516 450 19396488
91 373814.0 379141.0 379516 450 19601768
92 373841.0 379141.0 379516 450 19806861
93 380540.0 380540.0 380735 445 20010502
94 382125.0 382125.0 382324 437 20218372
95 378679.0 382125.0 382324 437 20431160
96 376613.0 382125.0 382324 437 20634742
97 373533.0 382125.0 382324 437 20838889
98 377830.0 382125.0 382324 437 21043241
99 373302.0 382125.0 382324 437 21252276
100 371876.0 382125.0 382324 437 21455142
101 376903.0 382125.0 382324 437 21658016
102 382161.0 382161.0 382411 440 21861748
103 375740.0 382161.0 382411 440 22064337
104 375769.0 382161.0 382411 440 22267289
105 373775.0 382161.0 382411 440 22470156
106 380771.0 382161.0 382411 440 22672522
107 376386.0 382161.0 382411 440 22875317
108 375458.0 382161.0 382411 440 23077839
109 376549.0 382161.0 382411 440 23280595
110 374212.0 382161.0 382411 440 23482981
111 375423.0 382161.0 382411 440 23685250
112 373109.0 382161.0 382411 440 23887264
113 383751.0 383751.0 383999 442 24089577
114 374930.0 383751.0 383999 442 24296975
115 374817.0 383751.0 383999 442 24500502
116 374361.0 383751.0 383999 442 24702813
117 380548.0 383751.0 383999 442 24904943
118 376497.0 383751.0 383999 442 25107202
119 377389.0 383751.0 383999 442 25308763
120 377800.0 383751.0 383999 442 25510328
121 378911.0 383751.0 383999 442 25712106
122 376921.0 383751.0 383999 442 25913667
123 373826.0 383751.0 383999 442 26115064
124 372818.0 383751.0 383999 442 26316412
125 376349.0 383751.0 383999 442 26517930
126 375358.0 383751.0 383999 442 26720160
127 377193.0 383751.0 383999 442 26920853
128 377537.0 383751.0 383999 442 27121840
129 376273.0 383751.0 383999 442 27323087
130 376477.0 383751.0 383999 442 27523795
131 379045.0 383751.0 383999 442 27724679
132 383064.0 383751.0 383999 442 27925371
133 375218.0 383751.0 383999 442 28126348
134 375606.0 383751.0 383999 442 28326604
135 375869.0 383751.0 383999 442 28527364
136 381449.0 383751.0 383999 442 28728460
137 378342.0 383751.0 383999 442 28928829
138 380020.0 383751.0 383999 442 29129529
139 374836.0 383751.0 383999 442 29329458
140 375747.0 383751.0 383999 442 29529912
141 377655.0 383751.0 383999 442 29732099
142 375933.0 383751.0 383999 442 29931531
143 378590.0 383751.0 383999 442 30136603
144 380091.0 383751.0 383999 442 30335388
145 376644.0 383751.0 383999 442 30533688
146 377090.0 383751.0 383999 442 30732323
147 378596.0 383751.0 383999 442 30930785
148 376541.0 383751.0 383999 442 31129430
149 379369.0 383751.0 383999 442 31328112
150 376248.0 383751.0 383999 442 31526055
151 379501.0 383751.0 383999 442 31724342
152 373525.0 383751.0 383999 442 31922558
153 379361.0 383751.0 383999 442 32121085
154 374202.0 383751.0 383999 442 32319112
155 376233.0 383751.0 383999 442 32516969
156 377850.0 383751.0 383999 442 32714638
157 376967.0 383751.0 383999 442 32912898
158 373292.0 383751.0 383999 442 33110688
159 378417.0 383751.0 383999 442 33308448
160 377304.0 383751.0 383999 442 33506209
161 373885.0 383751.0 383999 442 33703580
162 383507.0 383751.0 383999 442 33909078
163 376882.0 383751.0 383999 442 34107214
164 376969.0 383751.0 383999 442 34304929
165 376146.0 383751.0 383999 442 34502545
166 375515.0 383751.0 383999 442 34699818
167 381481.0 383751.0 383999 442 34902718
168 380397.0 383751.0 383999 442 35101537
169 377555.0 383751.0 383999 442 35299757
170 380783.0 383751.0 383999 442 35497914
171 375777.0 383751.0 383999 442 35695658
172 376340.0 383751.0 383999 442 35893425
173 381759.0 383751.0 383999 442 36090960
174 377869.0 383751.0 383999 442 36288499
175 377474.0 383751.0 383999 442 36486420
176 379722.0 383751.0 383999 442 36684219
177 377544.0 383751.0 383999 442 36881447
178 379087.0 383751.0 383999 442 37078908
179 379387.0 383751.0 383999 442 37276551
180 379898.0 383751.0 383999 442 37474001
181 376017.0 383751.0 383999 442 37671222
182 380044.0 383751.0 383999 442 37868756
183 377880.0 383751.0 383999 442 38066318
184 376257.0 383751.0 383999 442 38263354
185 376013.0 383751.0 383999 442 38460495
186 375691.0 383751.0 383999 442 38657880
187 377734.0 383751.0 383999 442 38855621
188 377761.0 383751.0 383999 442 39052834
189 380699.0 383751.0 383999 442 39252122
190 376997.0 383751.0 383999 442 39455222
191 378104.0 383751.0 383999 442 39652989
192 378705.0 383751.0 383999 442 39850855
193 375820.0 383751.0 383999 442 40048080
194 376201.0 383751.0 383999 442 40244952
195 374434.0 383751.0 383999 442 40441599
196 379797.0 383751.0 383999 442 40638987
197 376721.0 383751.0 383999 442 40836738
198 375570.0 383751.0 383999 442 41034382
199 381353.0 383751.0 383999 442 41231717
200 376570.0 383751.0 383999 442 41429610
number of contigs : 442
Output file created
RUN 6
-------------
Generated Seeded Population
Generated Diverse Population
0 356711.0 356711.0 356919
1 361942.0 361942.0 362118 448 97806
2 363758.0 363758.0 363991 452 315003
3 371141.0 371141.0 371488 451 532616
4 367459.0 371141.0 371488 451 749190
5 368782.0 371141.0 371488 451 965193
6 370435.0 371141.0 371488 451 1181203
7 370658.0 371141.0 371488 451 1396626
8 371079.0 371141.0 371488 451 1611069
9 369039.0 371141.0 371488 451 1825215
10 375345.0 375345.0 375520 446 2038886
11 377726.0 377726.0 377939 439 2251753
12 373678.0 377726.0 377939 439 2464134
13 371244.0 377726.0 377939 439 2676268
14 369653.0 377726.0 377939 439 2893630
15 370703.0 377726.0 377939 439 3105250
16 372677.0 377726.0 377939 439 3317155
17 369504.0 377726.0 377939 439 3528974
18 373915.0 377726.0 377939 439 3739579
19 369127.0 377726.0 377939 439 3949974
20 373529.0 377726.0 377939 439 4159674
21 372791.0 377726.0 377939 439 4368892
22 371166.0 377726.0 377939 439 4578487
23 373658.0 377726.0 377939 439 4788432
24 370723.0 377726.0 377939 439 4998487
25 370805.0 377726.0 377939 439 5207564
26 374606.0 377726.0 377939 439 5416884
27 370968.0 377726.0 377939 439 5625644
28 374003.0 377726.0 377939 439 5834093
29 373842.0 377726.0 377939 439 6042153
30 371274.0 377726.0 377939 439 6251054
31 370240.0 377726.0 377939 439 6459393
32 372056.0 377726.0 377939 439 6667532
33 373651.0 377726.0 377939 439 6876045
34 370313.0 377726.0 377939 439 7083906
35 374345.0 377726.0 377939 439 7292430
36 374529.0 377726.0 377939 439 7501004
37 372742.0 377726.0 377939 439 7708902
38 374370.0 377726.0 377939 439 7917510
39 374107.0 377726.0 377939 439 8125879
40 372119.0 377726.0 377939 439 8341964
41 372903.0 377726.0 377939 439 8553132
42 370610.0 377726.0 377939 439 8759463
43 372942.0 377726.0 377939 439 8966840
44 373165.0 377726.0 377939 439 9180139
45 375549.0 377726.0 377939 439 9387435
46 377666.0 377726.0 377939 439 9594378
47 371688.0 377726.0 377939 439 9801700
48 375525.0 377726.0 377939 439 10015095
49 377836.0 377836.0 378022 444 10223409
50 372007.0 377836.0 378022 444 10431305
51 374572.0 377836.0 378022 444 10639355
52 373337.0 377836.0 378022 444 10847085
53 371939.0 377836.0 378022 444 11054384
54 376208.0 377836.0 378022 444 11266926
55 375257.0 377836.0 378022 444 11478272
56 372411.0 377836.0 378022 444 11685332
57 374725.0 377836.0 378022 444 11896977
58 372711.0 377836.0 378022 444 12105801
59 371932.0 377836.0 378022 444 12312782
60 371394.0 377836.0 378022 444 12521563
61 371815.0 377836.0 378022 444 12728387
62 374728.0 377836.0 378022 444 12935394
63 376900.0 377836.0 378022 444 13141752
64 376477.0 377836.0 378022 444 13348647
65 374405.0 377836.0 378022 444 13554910
66 375170.0 377836.0 378022 444 13760789
67 377504.0 377836.0 378022 444 13967434
68 376717.0 377836.0 378022 444 14173482
69 376149.0 377836.0 378022 444 14379388
70 374790.0 377836.0 378022 444 14586117
71 379153.0 379153.0 379490 436 14793390
72 379573.0 379573.0 379830 444 15000167
73 378174.0 379573.0 379830 444 15206108
74 376143.0 379573.0 379830 444 15411600
75 371976.0 379573.0 379830 444 15616637
76 375705.0 379573.0 379830 444 15822140
77 375438.0 379573.0 379830 444 16027397
78 374248.0 379573.0 379830 444 16232817
79 373431.0 379573.0 379830 444 16439574
80 373515.0 379573.0 379830 444 16645561
81 383901.0 383901.0 384224 433 16856172
82 374112.0 383901.0 384224 433 17061730
83 372804.0 383901.0 384224 433 17267495
84 374333.0 383901.0 384224 433 17473246
85 372247.0 383901.0 384224 433 17678284
86 374921.0 383901.0 384224 433 17884130
87 375164.0 383901.0 384224 433 18095042
88 376947.0 383901.0 384224 433 18299853
89 372727.0 383901.0 384224 433 18504178
90 376215.0 383901.0 384224 433 18708790
91 373713.0 383901.0 384224 433 18918940
92 375256.0 383901.0 384224 433 19124465
93 377685.0 383901.0 384224 433 19329411
94 375753.0 383901.0 384224 433 19534109
95 378024.0 383901.0 384224 433 19738531
96 375178.0 383901.0 384224 433 19942555
97 378192.0 383901.0 384224 433 20147724
98 375080.0 383901.0 384224 433 20357908
99 374236.0 383901.0 384224 433 20562576
100 376863.0 383901.0 384224 433 20767078
101 374338.0 383901.0 384224 433 20971047
102 377052.0 383901.0 384224 433 21174668
103 373516.0 383901.0 384224 433 21378456
104 380146.0 383901.0 384224 433 21581793
105 373841.0 383901.0 384224 433 21785096
106 376789.0 383901.0 384224 433 21988340
107 372438.0 383901.0 384224 433 22191715
108 375936.0 383901.0 384224 433 22394942
109 381790.0 383901.0 384224 433 22597884
110 376605.0 383901.0 384224 433 22801323
111 374472.0 383901.0 384224 433 23004447
112 379240.0 383901.0 384224 433 23207352
113 379107.0 383901.0 384224 433 23410211
114 376879.0 383901.0 384224 433 23612899
115 373815.0 383901.0 384224 433 23816014
116 374270.0 383901.0 384224 433 24019102
117 374253.0 383901.0 384224 433 24223413
118 375766.0 383901.0 384224 433 24430046
119 377361.0 383901.0 384224 433 24632558
120 376108.0 383901.0 384224 433 24835033
121 376875.0 383901.0 384224 433 25037516
122 376864.0 383901.0 384224 433 25239285
123 375184.0 383901.0 384224 433 25441619
124 378451.0 383901.0 384224 433 25643704
125 376498.0 383901.0 384224 433 25853101
126 377040.0 383901.0 384224 433 26058462
127 376182.0 383901.0 384224 433 26259972
128 374473.0 383901.0 384224 433 26460779
129 377873.0 383901.0 384224 433 26661942
130 374637.0 383901.0 384224 433 26862611
131 377898.0 383901.0 384224 433 27063237
132 375022.0 383901.0 384224 433 27264038
133 381229.0 383901.0 384224 433 27464644
134 374004.0 383901.0 384224 433 27664801
135 378569.0 383901.0 384224 433 27865769
136 375272.0 383901.0 384224 433 28065998
137 375763.0 383901.0 384224 433 28266621
138 374494.0 383901.0 384224 433 28466922
139 377948.0 383901.0 384224 433 28667975
140 377648.0 383901.0 384224 433 28868377
141 374366.0 383901.0 384224 433 29069515
142 374265.0 383901.0 384224 433 29270573
143 379620.0 383901.0 384224 433 29471560
144 377946.0 383901.0 384224 433 29672727
145 375865.0 383901.0 384224 433 29874026
146 379271.0 383901.0 384224 433 30075035
147 375875.0 383901.0 384224 433 30275849
148 376174.0 383901.0 384224 433 30476174
149 377272.0 383901.0 384224 433 30677211
150 376525.0 383901.0 384224 433 30877752
151 383240.0 383901.0 384224 433 31078597
152 376130.0 383901.0 384224 433 31278608
153 376794.0 383901.0 384224 433 31479234
154 380026.0 383901.0 384224 433 31680418
155 376960.0 383901.0 384224 433 31881115
156 378040.0 383901.0 384224 433 32081944
157 377143.0 383901.0 384224 433 32282063
158 375955.0 383901.0 384224 433 32481728
159 380517.0 383901.0 384224 433 32683114
160 381555.0 383901.0 384224 433 32883392
161 376457.0 383901.0 384224 433 33089827
162 373562.0 383901.0 384224 433 33295752
163 374443.0 383901.0 384224 433 33496156
164 377160.0 383901.0 384224 433 33696539
165 375052.0 383901.0 384224 433 33897122
166 375540.0 383901.0 384224 433 34097338
167 376060.0 383901.0 384224 433 34297562
168 377219.0 383901.0 384224 433 34498536
169 376721.0 383901.0 384224 433 34698997
170 377853.0 383901.0 384224 433 34905196
171 379728.0 383901.0 384224 433 35105895
172 377966.0 383901.0 384224 433 35306764
173 375554.0 383901.0 384224 433 35506321
174 375266.0 383901.0 384224 433 35706249
175 377393.0 383901.0 384224 433 35905435
176 379949.0 383901.0 384224 433 36105125
177 377717.0 383901.0 384224 433 36304855
178 374039.0 383901.0 384224 433 36510371
179 376624.0 383901.0 384224 433 36710434
180 380046.0 383901.0 384224 433 36910717
181 376384.0 383901.0 384224 433 37111219
182 378458.0 383901.0 384224 433 37312135
183 378151.0 383901.0 384224 433 37512087
184 378550.0 383901.0 384224 433 37712083
185 392755.0 392755.0 392960 430 37913106
186 374852.0 392755.0 392960 430 38113320
187 382401.0 392755.0 392960 430 38313206
188 376500.0 392755.0 392960 430 38513683
189 378868.0 392755.0 392960 430 38713289
190 375769.0 392755.0 392960 430 38913561
191 378200.0 392755.0 392960 430 39113841
192 376840.0 392755.0 392960 430 39314302
193 377266.0 392755.0 392960 430 39514668
194 379006.0 392755.0 392960 430 39714112
195 374974.0 392755.0 392960 430 39914124
196 373216.0 392755.0 392960 430 40113811
197 375021.0 392755.0 392960 430 40313829
198 382376.0 392755.0 392960 430 40513205
199 377140.0 392755.0 392960 430 40713063
200 376625.0 392755.0 392960 430 40912424
number of contigs : 430
Output file created
RUN 7
-------------
Generated Seeded Population
Generated Diverse Population
0 361436.0 361436.0 361646
1 367408.0 367408.0 367628 451 97788
2 366684.0 367408.0 367628 451 316225
3 370132.0 370132.0 370432 447 534364
4 366865.0 370132.0 370432 447 751256
5 372327.0 372327.0 372553 444 968361
6 369042.0 372327.0 372553 444 1185031
7 372765.0 372765.0 373046 438 1400629
8 373000.0 373000.0 373624 443 1615824
9 371089.0 373000.0 373624 443 1830419
10 373597.0 373597.0 373905 434 2044774
11 370651.0 373597.0 373905 434 2258489
12 369120.0 373597.0 373905 434 2471041
13 368717.0 373597.0 373905 434 2684026
14 370836.0 373597.0 373905 434 2896041
15 369645.0 373597.0 373905 434 3107965
16 369329.0 373597.0 373905 434 3319375
17 372012.0 373597.0 373905 434 3531084
18 370380.0 373597.0 373905 434 3742415
19 372265.0 373597.0 373905 434 3953205
20 374400.0 374400.0 374646 448 4163887
21 378164.0 378164.0 378344 441 4375378
22 370592.0 378164.0 378344 441 4585416
23 369287.0 378164.0 378344 441 4795637
24 375024.0 378164.0 378344 441 5006961
25 375982.0 378164.0 378344 441 5217188
26 372346.0 378164.0 378344 441 5427486
27 370701.0 378164.0 378344 441 5637337
28 371463.0 378164.0 378344 441 5852673
29 376977.0 378164.0 378344 441 6061565
30 372228.0 378164.0 378344 441 6269648
31 372072.0 378164.0 378344 441 6477767
32 372033.0 378164.0 378344 441 6686134
33 371820.0 378164.0 378344 441 6894209
34 375664.0 378164.0 378344 441 7102112
35 373728.0 378164.0 378344 441 7309942
36 375079.0 378164.0 378344 441 7518470
37 370706.0 378164.0 378344 441 7733133
38 373344.0 378164.0 378344 441 7942328
39 373745.0 378164.0 378344 441 8154376
40 376235.0 378164.0 378344 441 8366363
41 374176.0 378164.0 378344 441 8580864
42 373062.0 378164.0 378344 441 8798118
43 372247.0 378164.0 378344 441 9006373
44 374391.0 378164.0 378344 441 9213161
45 373411.0 378164.0 378344 441 9424279
46 373672.0 378164.0 378344 441 9631478
47 368376.0 378164.0 378344 441 9838383
48 372287.0 378164.0 378344 441 10049818
49 373997.0 378164.0 378344 441 10256086
50 370991.0 378164.0 378344 441 10461390
51 375398.0 378164.0 378344 441 10667625
52 373454.0 378164.0 378344 441 10874323
53 379131.0 379131.0 379310 437 11079992
54 372780.0 379131.0 379310 437 11285180
55 372977.0 379131.0 379310 437 11490045
56 372165.0 379131.0 379310 437 11695468
57 373577.0 379131.0 379310 437 11900150
58 373890.0 379131.0 379310 437 12104944
59 378940.0 379131.0 379310 437 12309182
60 371452.0 379131.0 379310 437 12513622
61 376490.0 379131.0 379310 437 12717837
62 372500.0 379131.0 379310 437 12922208
63 374236.0 379131.0 379310 437 13127361
64 371635.0 379131.0 379310 437 13331436
65 371616.0 379131.0 379310 437 13535764
66 372188.0 379131.0 379310 437 13740146
67 375928.0 379131.0 379310 437 13944787
68 375055.0 379131.0 379310 437 14153806
69 378269.0 379131.0 379310 437 14358635
70 374581.0 379131.0 379310 437 14563140
71 374766.0 379131.0 379310 437 14768141
72 375385.0 379131.0 379310 437 14973458
73 376106.0 379131.0 379310 437 15179548
74 372680.0 379131.0 379310 437 15384599
75 372158.0 379131.0 379310 437 15589095
76 376220.0 379131.0 379310 437 15793835
77 372293.0 379131.0 379310 437 15998430
78 376435.0 379131.0 379310 437 16202917
79 374494.0 379131.0 379310 437 16413245
80 374147.0 379131.0 379310 437 16617506
81 374334.0 379131.0 379310 437 16822192
82 370660.0 379131.0 379310 437 17026065
83 373944.0 379131.0 379310 437 17230224
84 374186.0 379131.0 379310 437 17435002
85 374357.0 379131.0 379310 437 17639429
86 370122.0 379131.0 379310 437 17850592
87 375386.0 379131.0 379310 437 18054666
88 376907.0 379131.0 379310 437 18258480
89 374657.0 379131.0 379310 437 18462409
90 375861.0 379131.0 379310 437 18666221
91 372627.0 379131.0 379310 437 18869261
92 374267.0 379131.0 379310 437 19072629
93 372474.0 379131.0 379310 437 19276890
94 374503.0 379131.0 379310 437 19480264
95 374582.0 379131.0 379310 437 19683955
96 378049.0 379131.0 379310 437 19887257
97 372762.0 379131.0 379310 437 20091120
98 378048.0 379131.0 379310 437 20295092
99 373208.0 379131.0 379310 437 20498351
100 377639.0 379131.0 379310 437 20702027
101 378699.0 379131.0 379310 437 20905552
102 373857.0 379131.0 379310 437 21108642
103 373152.0 379131.0 379310 437 21311935
104 376278.0 379131.0 379310 437 21522247
105 372560.0 379131.0 379310 437 21726154
106 374310.0 379131.0 379310 437 21929765
107 376123.0 379131.0 379310 437 22131546
108 375191.0 379131.0 379310 437 22333199
109 375572.0 379131.0 379310 437 22534511
110 376556.0 379131.0 379310 437 22735880
111 373252.0 379131.0 379310 437 22937564
112 370732.0 379131.0 379310 437 23139135
113 376712.0 379131.0 379310 437 23340179
114 375102.0 379131.0 379310 437 23542122
115 372269.0 379131.0 379310 437 23744402
116 374396.0 379131.0 379310 437 23946467
117 375499.0 379131.0 379310 437 24149297
118 373796.0 379131.0 379310 437 24352135
119 372050.0 379131.0 379310 437 24554020
120 375770.0 379131.0 379310 437 24757519
121 375113.0 379131.0 379310 437 24960072
122 376582.0 379131.0 379310 437 25162586
123 371753.0 379131.0 379310 437 25367068
124 377667.0 379131.0 379310 437 25570159
125 376732.0 379131.0 379310 437 25772461
126 373407.0 379131.0 379310 437 25980088
127 371445.0 379131.0 379310 437 26188499
128 377207.0 379131.0 379310 437 26391507
129 382086.0 382086.0 382504 445 26598596
130 374976.0 382086.0 382504 445 26799508
131 375647.0 382086.0 382504 445 27005534
132 374182.0 382086.0 382504 445 27209834
133 374018.0 382086.0 382504 445 27411583
134 380360.0 382086.0 382504 445 27619397
135 373679.0 382086.0 382504 445 27827018
136 374852.0 382086.0 382504 445 28034602
137 379856.0 382086.0 382504 445 28243488
138 376428.0 382086.0 382504 445 28449561
139 378084.0 382086.0 382504 445 28656280
140 372420.0 382086.0 382504 445 28863670
141 381535.0 382086.0 382504 445 29070795
142 377864.0 382086.0 382504 445 29278438
143 378541.0 382086.0 382504 445 29481161
144 379514.0 382086.0 382504 445 29689593
145 377026.0 382086.0 382504 445 29899842
146 374108.0 382086.0 382504 445 30101149
147 378168.0 382086.0 382504 445 30302163
148 375295.0 382086.0 382504 445 30503271
149 374673.0 382086.0 382504 445 30704496
150 373164.0 382086.0 382504 445 30906088
151 373391.0 382086.0 382504 445 31107375
152 376755.0 382086.0 382504 445 31308497
153 375262.0 382086.0 382504 445 31509177
154 374771.0 382086.0 382504 445 31714807
155 376499.0 382086.0 382504 445 31921542
156 373770.0 382086.0 382504 445 32122859
157 375599.0 382086.0 382504 445 32325247
158 376252.0 382086.0 382504 445 32526918
159 376167.0 382086.0 382504 445 32728212
160 376824.0 382086.0 382504 445 32928972
161 376262.0 382086.0 382504 445 33130267
162 377766.0 382086.0 382504 445 33331169
163 375325.0 382086.0 382504 445 33537056
164 374791.0 382086.0 382504 445 33738558
165 373459.0 382086.0 382504 445 33944619
166 374174.0 382086.0 382504 445 34145293
167 378537.0 382086.0 382504 445 34346272
168 381198.0 382086.0 382504 445 34552131
169 375772.0 382086.0 382504 445 34759494
170 377287.0 382086.0 382504 445 34960900
171 376740.0 382086.0 382504 445 35161786
172 376484.0 382086.0 382504 445 35362771
173 373301.0 382086.0 382504 445 35564241
174 380574.0 382086.0 382504 445 35764937
175 376012.0 382086.0 382504 445 35965673
176 376430.0 382086.0 382504 445 36166302
177 376384.0 382086.0 382504 445 36366848
178 374013.0 382086.0 382504 445 36567382
179 376314.0 382086.0 382504 445 36768315
180 380418.0 382086.0 382504 445 36968145
181 377514.0 382086.0 382504 445 37168140
182 374251.0 382086.0 382504 445 37368374
183 375484.0 382086.0 382504 445 37571388
184 374682.0 382086.0 382504 445 37774614
185 376360.0 382086.0 382504 445 37980566
186 374817.0 382086.0 382504 445 38185922
187 373430.0 382086.0 382504 445 38387477
188 374857.0 382086.0 382504 445 38590218
189 378885.0 382086.0 382504 445 38794031
190 374153.0 382086.0 382504 445 38993606
191 374571.0 382086.0 382504 445 39193173
192 375799.0 382086.0 382504 445 39392772
193 373030.0 382086.0 382504 445 39591992
194 373186.0 382086.0 382504 445 39791688
195 374354.0 382086.0 382504 445 39991295
196 375422.0 382086.0 382504 445 40191470
197 377203.0 382086.0 382504 445 40391297
198 371828.0 382086.0 382504 445 40591079
199 374417.0 382086.0 382504 445 40791527
200 378558.0 382086.0 382504 445 40992965
number of contigs : 445
Output file created
RUN 8
-------------
Generated Seeded Population
Generated Diverse Population
0 354153.0 354153.0 354393
1 368422.0 368422.0 368623 454 100308
2 370113.0 370113.0 370479 440 324241
3 371319.0 371319.0 371533 443 545034
4 368242.0 371319.0 371533 443 770295
5 369963.0 371319.0 371533 443 996522
6 368656.0 371319.0 371533 443 1212923
7 374345.0 374345.0 374533 444 1431230
8 369752.0 374345.0 374533 444 1643896
9 373654.0 374345.0 374533 444 1855843
10 369730.0 374345.0 374533 444 2067165
11 378660.0 378660.0 379069 435 2276971
12 371120.0 378660.0 379069 435 2492045
13 372688.0 378660.0 379069 435 2701582
14 374672.0 378660.0 379069 435 2910247
15 379899.0 379899.0 380133 448 3117627
16 372408.0 379899.0 380133 448 3324813
17 374739.0 379899.0 380133 448 3531982
18 374271.0 379899.0 380133 448 3738856
19 376224.0 379899.0 380133 448 3945581
20 371924.0 379899.0 380133 448 4153151
21 375202.0 379899.0 380133 448 4360257
22 371897.0 379899.0 380133 448 4573115
23 373779.0 379899.0 380133 448 4780910
24 377013.0 379899.0 380133 448 4987741
25 372860.0 379899.0 380133 448 5193722
26 374270.0 379899.0 380133 448 5399046
27 373634.0 379899.0 380133 448 5604168
28 374298.0 379899.0 380133 448 5808536
29 372884.0 379899.0 380133 448 6013684
30 371930.0 379899.0 380133 448 6218445
31 373198.0 379899.0 380133 448 6423179
32 372412.0 379899.0 380133 448 6627187
33 373790.0 379899.0 380133 448 6830711
34 373328.0 379899.0 380133 448 7034284
35 371266.0 379899.0 380133 448 7238042
36 376568.0 379899.0 380133 448 7444090
37 376752.0 379899.0 380133 448 7649439
38 371599.0 379899.0 380133 448 7856174
39 373169.0 379899.0 380133 448 8059206
40 371669.0 379899.0 380133 448 8262690
41 371928.0 379899.0 380133 448 8471761
42 373713.0 379899.0 380133 448 8678967
43 377201.0 379899.0 380133 448 8889450
44 373064.0 379899.0 380133 448 9092987
45 374191.0 379899.0 380133 448 9296444
46 375652.0 379899.0 380133 448 9501221
47 380371.0 380371.0 380754 448 9705233
48 379424.0 380371.0 380754 448 9912812
49 373705.0 380371.0 380754 448 10115310
50 376545.0 380371.0 380754 448 10318755
51 375468.0 380371.0 380754 448 10523042
52 377449.0 380371.0 380754 448 10725867
53 375839.0 380371.0 380754 448 10929025
54 374636.0 380371.0 380754 448 11132207
55 373366.0 380371.0 380754 448 11335050
56 377812.0 380371.0 380754 448 11538116
57 372612.0 380371.0 380754 448 11740541
58 381456.0 381456.0 381668 442 11946612
59 372769.0 381456.0 381668 442 12149801
60 375619.0 381456.0 381668 442 12350590
61 373617.0 381456.0 381668 442 12552240
62 372585.0 381456.0 381668 442 12754629
63 379143.0 381456.0 381668 442 12955932
64 384335.0 384335.0 384536 434 13159316
65 375074.0 384335.0 384536 434 13367616
66 372162.0 384335.0 384536 434 13568674
67 377398.0 384335.0 384536 434 13769781
68 375885.0 384335.0 384536 434 13970372
69 374352.0 384335.0 384536 434 14170480
70 377202.0 384335.0 384536 434 14370936
71 378641.0 384335.0 384536 434 14571459
72 373676.0 384335.0 384536 434 14771339
73 374347.0 384335.0 384536 434 14970842
74 377256.0 384335.0 384536 434 15170798
75 380301.0 384335.0 384536 434 15370510
76 377708.0 384335.0 384536 434 15569756
77 376196.0 384335.0 384536 434 15769083
78 374139.0 384335.0 384536 434 15968154
79 377046.0 384335.0 384536 434 16166594
80 373326.0 384335.0 384536 434 16371372
81 377141.0 384335.0 384536 434 16577470
82 377345.0 384335.0 384536 434 16775543
83 378138.0 384335.0 384536 434 16973883
84 376338.0 384335.0 384536 434 17178471
85 375861.0 384335.0 384536 434 17376966
86 373832.0 384335.0 384536 434 17577320
87 375883.0 384335.0 384536 434 17780501
88 375070.0 384335.0 384536 434 17978313
89 375494.0 384335.0 384536 434 18180557
90 373079.0 384335.0 384536 434 18381045
91 376656.0 384335.0 384536 434 18584453
92 374523.0 384335.0 384536 434 18781392
93 381717.0 384335.0 384536 434 18978988
94 375798.0 384335.0 384536 434 19176321
95 375387.0 384335.0 384536 434 19373610
96 376300.0 384335.0 384536 434 19570606
97 376253.0 384335.0 384536 434 19767958
98 377173.0 384335.0 384536 434 19965094
99 380154.0 384335.0 384536 434 20162346
100 374963.0 384335.0 384536 434 20359541
101 373071.0 384335.0 384536 434 20556948
102 378597.0 384335.0 384536 434 20754133
103 375315.0 384335.0 384536 434 20951029
104 377127.0 384335.0 384536 434 21147651
105 376888.0 384335.0 384536 434 21344012
106 375194.0 384335.0 384536 434 21541245
107 375245.0 384335.0 384536 434 21737000
108 373414.0 384335.0 384536 434 21932907
109 379052.0 384335.0 384536 434 22128902
110 381851.0 384335.0 384536 434 22324897
111 379301.0 384335.0 384536 434 22520740
112 379079.0 384335.0 384536 434 22716568
113 375434.0 384335.0 384536 434 22912186
114 375422.0 384335.0 384536 434 23107794
115 381322.0 384335.0 384536 434 23303117
116 380004.0 384335.0 384536 434 23499019
117 379624.0 384335.0 384536 434 23694421
118 377631.0 384335.0 384536 434 23889878
119 378003.0 384335.0 384536 434 24084886
120 384849.0 384849.0 385017 445 24279350
121 374845.0 384849.0 385017 445 24474163
122 377775.0 384849.0 385017 445 24668603
123 381577.0 384849.0 385017 445 24863273
124 376986.0 384849.0 385017 445 25057563
125 377284.0 384849.0 385017 445 25253224
126 375621.0 384849.0 385017 445 25449955
127 377142.0 384849.0 385017 445 25644350
128 378863.0 384849.0 385017 445 25843191
129 377747.0 384849.0 385017 445 26037023
130 379988.0 384849.0 385017 445 26236722
131 373253.0 384849.0 385017 445 26430011
132 375687.0 384849.0 385017 445 26623689
133 377207.0 384849.0 385017 445 26817362
134 376602.0 384849.0 385017 445 27011091
135 375293.0 384849.0 385017 445 27204809
136 380777.0 384849.0 385017 445 27398040
137 380356.0 384849.0 385017 445 27591466
138 377203.0 384849.0 385017 445 27785268
139 380203.0 384849.0 385017 445 27978660
140 379794.0 384849.0 385017 445 28171680
141 383236.0 384849.0 385017 445 28364694
142 378725.0 384849.0 385017 445 28557751
143 379337.0 384849.0 385017 445 28750577
144 377864.0 384849.0 385017 445 28944373
145 375706.0 384849.0 385017 445 29142741
146 375792.0 384849.0 385017 445 29341575
147 378164.0 384849.0 385017 445 29534622
148 380730.0 384849.0 385017 445 29726897
149 380981.0 384849.0 385017 445 29918683
150 376656.0 384849.0 385017 445 30110460
151 375520.0 384849.0 385017 445 30302357
152 380983.0 384849.0 385017 445 30496118
153 383556.0 384849.0 385017 445 30695562
154 376965.0 384849.0 385017 445 30894810
155 381858.0 384849.0 385017 445 31091676
156 377615.0 384849.0 385017 445 31304916
157 385212.0 385212.0 385619 430 31571590
158 377788.0 385212.0 385619 430 31783092
159 376860.0 385212.0 385619 430 31977250
160 378460.0 385212.0 385619 430 32173845
161 386142.0 386142.0 386506 445 32367661
162 384463.0 386142.0 386506 445 32561347
163 380832.0 386142.0 386506 445 32755152
164 384340.0 386142.0 386506 445 32948767
165 375834.0 386142.0 386506 445 33142370
166 377925.0 386142.0 386506 445 33336091
167 379744.0 386142.0 386506 445 33529589
168 377191.0 386142.0 386506 445 33723211
169 380207.0 386142.0 386506 445 33916315
170 377545.0 386142.0 386506 445 34109753
171 380414.0 386142.0 386506 445 34303044
172 376573.0 386142.0 386506 445 34496742
173 377609.0 386142.0 386506 445 34689553
174 381882.0 386142.0 386506 445 34882338
175 381518.0 386142.0 386506 445 35075859
176 380270.0 386142.0 386506 445 35269181
177 383161.0 386142.0 386506 445 35462248
178 376590.0 386142.0 386506 445 35655014
179 375672.0 386142.0 386506 445 35847910
180 381995.0 386142.0 386506 445 36040561
181 380259.0 386142.0 386506 445 36233335
182 378834.0 386142.0 386506 445 36427146
183 384409.0 386142.0 386506 445 36619650
184 379097.0 386142.0 386506 445 36812043
185 377791.0 386142.0 386506 445 37004543
186 378120.0 386142.0 386506 445 37196550
187 374798.0 386142.0 386506 445 37388517
188 376072.0 386142.0 386506 445 37581047
189 381069.0 386142.0 386506 445 37777861
190 379550.0 386142.0 386506 445 37969900
191 377064.0 386142.0 386506 445 38161708
192 382871.0 386142.0 386506 445 38353663
193 377750.0 386142.0 386506 445 38576188
194 376974.0 386142.0 386506 445 38782830
195 380075.0 386142.0 386506 445 38991858
196 378903.0 386142.0 386506 445 39185723
197 383272.0 386142.0 386506 445 39400465
198 377184.0 386142.0 386506 445 39603786
199 382410.0 386142.0 386506 445 39827879
200 378419.0 386142.0 386506 445 40056781
number of contigs : 445
Output file created
RUN 9
-------------
Generated Seeded Population
Generated Diverse Population
0 356326.0 356326.0 356509
1 363105.0 363105.0 363491 453 109677
2 364536.0 364536.0 364931 448 369904
3 370672.0 370672.0 370880 437 631105
4 367394.0 370672.0 370880 437 875034
5 372838.0 372838.0 373007 437 1107766
6 371043.0 372838.0 373007 437 1338605
7 368076.0 372838.0 373007 437 1604761
8 371438.0 372838.0 373007 437 1852849
9 369928.0 372838.0 373007 437 2096844
10 383926.0 383926.0 384127 435 2354996
11 370675.0 383926.0 384127 435 2587175
12 373003.0 383926.0 384127 435 2808291
13 371764.0 383926.0 384127 435 3033565
14 373106.0 383926.0 384127 435 3262507
15 370015.0 383926.0 384127 435 3498342
16 369760.0 383926.0 384127 435 3713408
17 371470.0 383926.0 384127 435 3955769
18 372456.0 383926.0 384127 435 4200121
19 372075.0 383926.0 384127 435 4445764
20 373342.0 383926.0 384127 435 4678454
21 374681.0 383926.0 384127 435 4891618
22 370817.0 383926.0 384127 435 5099835
23 372223.0 383926.0 384127 435 5327129
24 376051.0 383926.0 384127 435 5581708
25 377529.0 383926.0 384127 435 5806618
26 370487.0 383926.0 384127 435 6053428
27 371076.0 383926.0 384127 435 6279124
28 378215.0 383926.0 384127 435 6501222
29 376119.0 383926.0 384127 435 6707040
30 369695.0 383926.0 384127 435 6920276
31 372650.0 383926.0 384127 435 7128894
32 373030.0 383926.0 384127 435 7345202
33 374230.0 383926.0 384127 435 7563384
34 373360.0 383926.0 384127 435 7789285
35 371863.0 383926.0 384127 435 8011419
36 373455.0 383926.0 384127 435 8228775
37 372697.0 383926.0 384127 435 8438706
38 374653.0 383926.0 384127 435 8669042
39 376920.0 383926.0 384127 435 8925625
40 375231.0 383926.0 384127 435 9168597
41 372658.0 383926.0 384127 435 9401386
42 375375.0 383926.0 384127 435 9646910
43 373996.0 383926.0 384127 435 9865619
44 376735.0 383926.0 384127 435 10114044
45 382757.0 383926.0 384127 435 10334696
46 373533.0 383926.0 384127 435 10552067
47 381924.0 383926.0 384127 435 10763219
48 371199.0 383926.0 384127 435 10967346
49 373169.0 383926.0 384127 435 11188325
50 373388.0 383926.0 384127 435 11402077
51 375687.0 383926.0 384127 435 11645280
52 374871.0 383926.0 384127 435 11845881
53 378237.0 383926.0 384127 435 12046620
54 378345.0 383926.0 384127 435 12247223
55 375911.0 383926.0 384127 435 12494509
56 374786.0 383926.0 384127 435 12759411
57 379019.0 383926.0 384127 435 12978134
58 373664.0 383926.0 384127 435 13200242
59 373051.0 383926.0 384127 435 13409355
60 375642.0 383926.0 384127 435 13613354
61 373553.0 383926.0 384127 435 13838004
62 376937.0 383926.0 384127 435 14050190
63 379500.0 383926.0 384127 435 14269675
64 379522.0 383926.0 384127 435 14476649
65 372861.0 383926.0 384127 435 14675989
66 375495.0 383926.0 384127 435 14923411
67 372513.0 383926.0 384127 435 15132174
68 375498.0 383926.0 384127 435 15355615
69 379444.0 383926.0 384127 435 15558111
70 377693.0 383926.0 384127 435 15789725
71 374355.0 383926.0 384127 435 15996099
72 379460.0 383926.0 384127 435 16198631
73 377221.0 383926.0 384127 435 16414455
74 375357.0 383926.0 384127 435 16633401
75 374745.0 383926.0 384127 435 16835350
76 375708.0 383926.0 384127 435 17038064
77 380100.0 383926.0 384127 435 17277089
78 373663.0 383926.0 384127 435 17488373
79 378543.0 383926.0 384127 435 17692460
80 373966.0 383926.0 384127 435 17891328
81 373109.0 383926.0 384127 435 18090578
82 376422.0 383926.0 384127 435 18314404
83 373597.0 383926.0 384127 435 18521187
84 376278.0 383926.0 384127 435 18737933
85 376039.0 383926.0 384127 435 18961315
86 374467.0 383926.0 384127 435 19181307
87 373911.0 383926.0 384127 435 19418203
88 374427.0 383926.0 384127 435 19617235
89 376580.0 383926.0 384127 435 19814937
90 374349.0 383926.0 384127 435 20012600
91 377389.0 383926.0 384127 435 20210991
92 373049.0 383926.0 384127 435 20459051
93 376089.0 383926.0 384127 435 20678095
94 378958.0 383926.0 384127 435 20879203
95 379100.0 383926.0 384127 435 21075983
96 374701.0 383926.0 384127 435 21272933
97 378165.0 383926.0 384127 435 21469925
98 380719.0 383926.0 384127 435 21667256
99 379314.0 383926.0 384127 435 21865989
100 377748.0 383926.0 384127 435 22064425
101 374162.0 383926.0 384127 435 22262855
102 376899.0 383926.0 384127 435 22461150
103 376130.0 383926.0 384127 435 22659865
104 375302.0 383926.0 384127 435 22858146
105 377257.0 383926.0 384127 435 23059106
106 375451.0 383926.0 384127 435 23256608
107 373618.0 383926.0 384127 435 23579989
108 374902.0 383926.0 384127 435 23795913
109 375680.0 383926.0 384127 435 23999341
110 377399.0 383926.0 384127 435 24204461
111 376947.0 383926.0 384127 435 24471209
112 374263.0 383926.0 384127 435 24679091
113 376135.0 383926.0 384127 435 24880333
114 378823.0 383926.0 384127 435 25086280
115 376292.0 383926.0 384127 435 25286067
116 373960.0 383926.0 384127 435 25496235
117 378267.0 383926.0 384127 435 25742060
118 375549.0 383926.0 384127 435 25941548
119 382725.0 383926.0 384127 435 26152481
120 374302.0 383926.0 384127 435 26352517
121 378852.0 383926.0 384127 435 26549742
122 377513.0 383926.0 384127 435 26747183
123 379583.0 383926.0 384127 435 26983459
124 375741.0 383926.0 384127 435 27217594
125 375727.0 383926.0 384127 435 27419212
126 376855.0 383926.0 384127 435 27618017
127 378444.0 383926.0 384127 435 27816724
128 374378.0 383926.0 384127 435 28015425
129 383851.0 383926.0 384127 435 28213802
130 379835.0 383926.0 384127 435 28411933
131 378090.0 383926.0 384127 435 28621620
132 374947.0 383926.0 384127 435 28824880
133 374941.0 383926.0 384127 435 29023594
134 374900.0 383926.0 384127 435 29222007
135 378144.0 383926.0 384127 435 29418959
136 377866.0 383926.0 384127 435 29621775
137 380257.0 383926.0 384127 435 29825761
138 376435.0 383926.0 384127 435 30021282
139 375847.0 383926.0 384127 435 30220466
140 377437.0 383926.0 384127 435 30414468
141 377065.0 383926.0 384127 435 30608611
142 377964.0 383926.0 384127 435 30802637
143 374671.0 383926.0 384127 435 30997069
144 376092.0 383926.0 384127 435 31191607
145 376504.0 383926.0 384127 435 31385709
146 378717.0 383926.0 384127 435 31580460
147 375866.0 383926.0 384127 435 31774908
148 376563.0 383926.0 384127 435 31969035
149 377508.0 383926.0 384127 435 32163256
150 380509.0 383926.0 384127 435 32357452
151 376746.0 383926.0 384127 435 32552004
152 380318.0 383926.0 384127 435 32746174
153 375701.0 383926.0 384127 435 32940404
154 379402.0 383926.0 384127 435 33134259
155 380427.0 383926.0 384127 435 33328677
156 379230.0 383926.0 384127 435 33523063
157 377786.0 383926.0 384127 435 33717189
158 378477.0 383926.0 384127 435 33911599
159 381500.0 383926.0 384127 435 34105696
160 380309.0 383926.0 384127 435 34300103
161 375415.0 383926.0 384127 435 34493730
162 381199.0 383926.0 384127 435 34687122
163 375049.0 383926.0 384127 435 34881093
164 378180.0 383926.0 384127 435 35075091
165 377042.0 383926.0 384127 435 35269132
166 377550.0 383926.0 384127 435 35462749
167 380657.0 383926.0 384127 435 35656537
168 374713.0 383926.0 384127 435 35849965
169 377386.0 383926.0 384127 435 36044678
170 376176.0 383926.0 384127 435 36238653
171 377302.0 383926.0 384127 435 36432689
172 377961.0 383926.0 384127 435 36626909
173 382626.0 383926.0 384127 435 36820979
174 377186.0 383926.0 384127 435 37015027
175 377867.0 383926.0 384127 435 37208957
176 376991.0 383926.0 384127 435 37402576
177 377358.0 383926.0 384127 435 37596542
178 376236.0 383926.0 384127 435 37790323
179 383066.0 383926.0 384127 435 37984570
180 379492.0 383926.0 384127 435 38185119
181 378877.0 383926.0 384127 435 38382727
182 378060.0 383926.0 384127 435 38579668
183 379915.0 383926.0 384127 435 38777973
184 377261.0 383926.0 384127 435 38972056
185 381814.0 383926.0 384127 435 39165724
186 376344.0 383926.0 384127 435 39365384
187 380756.0 383926.0 384127 435 39561637
188 377781.0 383926.0 384127 435 39758134
189 377875.0 383926.0 384127 435 39960169
190 376446.0 383926.0 384127 435 40154864
191 380381.0 383926.0 384127 435 40352635
192 377700.0 383926.0 384127 435 40546189
193 376202.0 383926.0 384127 435 40738683
194 379016.0 383926.0 384127 435 40930840
195 378386.0 383926.0 384127 435 41124055
196 380276.0 383926.0 384127 435 41316348
197 379471.0 383926.0 384127 435 41510378
198 379432.0 383926.0 384127 435 41703279
199 377200.0 383926.0 384127 435 41896064
200 377686.0 383926.0 384127 435 42088649
number of contigs : 435
Output file created
RUN 10
-------------
Generated Seeded Population
Generated Diverse Population
0 354253.0 354253.0 354680
1 360879.0 360879.0 361145 449 96594
2 362654.0 362654.0 363072 449 314300
3 370095.0 370095.0 370691 457 535841
4 372045.0 372045.0 372487 441 758692
5 370099.0 372045.0 372487 441 981171
6 367938.0 372045.0 372487 441 1204163
7 373257.0 373257.0 373872 432 1418896
8 369447.0 373257.0 373872 432 1633730
9 376276.0 376276.0 376488 453 1852722
10 371285.0 376276.0 376488 453 2065548
11 369120.0 376276.0 376488 453 2278900
12 368247.0 376276.0 376488 453 2496308
13 371314.0 376276.0 376488 453 2710976
14 369720.0 376276.0 376488 453 2924031
15 370630.0 376276.0 376488 453 3137012
16 376058.0 376276.0 376488 453 3355734
17 373256.0 376276.0 376488 453 3571549
18 373103.0 376276.0 376488 453 3784740
19 371062.0 376276.0 376488 453 3997685
20 372835.0 376276.0 376488 453 4218205
21 371160.0 376276.0 376488 453 4427471
22 375327.0 376276.0 376488 453 4637418
23 374292.0 376276.0 376488 453 4847498
24 370563.0 376276.0 376488 453 5057028
25 374799.0 376276.0 376488 453 5266104
26 369787.0 376276.0 376488 453 5475403
27 374547.0 376276.0 376488 453 5683948
28 378422.0 378422.0 378789 445 5892602
29 372082.0 378422.0 378789 445 6101175
30 372981.0 378422.0 378789 445 6309284
31 372957.0 378422.0 378789 445 6517621
32 368403.0 378422.0 378789 445 6725346
33 370227.0 378422.0 378789 445 6933098
34 370847.0 378422.0 378789 445 7141137
35 372141.0 378422.0 378789 445 7348506
36 371265.0 378422.0 378789 445 7555932
37 373317.0 378422.0 378789 445 7763353
38 373752.0 378422.0 378789 445 7970340
39 372981.0 378422.0 378789 445 8176965
40 372700.0 378422.0 378789 445 8383751
41 372695.0 378422.0 378789 445 8590507
42 371329.0 378422.0 378789 445 8796947
43 374245.0 378422.0 378789 445 9003339
44 372952.0 378422.0 378789 445 9209335
45 375098.0 378422.0 378789 445 9415609
46 374780.0 378422.0 378789 445 9621323
47 373823.0 378422.0 378789 445 9826852
48 378781.0 378781.0 378977 432 10032030
49 373338.0 378781.0 378977 432 10236540
50 373551.0 378781.0 378977 432 10441015
51 373725.0 378781.0 378977 432 10645996
52 371582.0 378781.0 378977 432 10851272
53 375540.0 378781.0 378977 432 11056052
54 371251.0 378781.0 378977 432 11260429
55 374560.0 378781.0 378977 432 11465058
56 376036.0 378781.0 378977 432 11669905
57 374703.0 378781.0 378977 432 11874394
58 380021.0 380021.0 380234 439 12078627
59 371275.0 380021.0 380234 439 12283089
60 373448.0 380021.0 380234 439 12487249
61 374021.0 380021.0 380234 439 12691472
62 377124.0 380021.0 380234 439 12897752
63 376552.0 380021.0 380234 439 13105356
64 374709.0 380021.0 380234 439 13308586
65 375554.0 380021.0 380234 439 13511448
66 372740.0 380021.0 380234 439 13714339
67 374643.0 380021.0 380234 439 13916905
68 376591.0 380021.0 380234 439 14119107
69 371319.0 380021.0 380234 439 14321980
70 372883.0 380021.0 380234 439 14523773
71 375571.0 380021.0 380234 439 14726025
72 373143.0 380021.0 380234 439 14928545
73 375115.0 380021.0 380234 439 15130533
74 376329.0 380021.0 380234 439 15338836
75 377135.0 380021.0 380234 439 15541494
76 380763.0 380763.0 380953 448 15743593
77 372263.0 380763.0 380953 448 15945652
78 385717.0 385717.0 386030 441 16147490
79 377896.0 385717.0 386030 441 16349656
80 372280.0 385717.0 386030 441 16551747
81 372051.0 385717.0 386030 441 16753727
82 373902.0 385717.0 386030 441 16955401
83 373792.0 385717.0 386030 441 17157847
84 373556.0 385717.0 386030 441 17359397
85 374185.0 385717.0 386030 441 17560354
86 375323.0 385717.0 386030 441 17761585
87 375528.0 385717.0 386030 441 17962482
88 374785.0 385717.0 386030 441 18163603
89 373438.0 385717.0 386030 441 18364780
90 376494.0 385717.0 386030 441 18570864
91 374819.0 385717.0 386030 441 18771629
92 373893.0 385717.0 386030 441 18972073
93 373344.0 385717.0 386030 441 19172578
94 379090.0 385717.0 386030 441 19372539
95 381338.0 385717.0 386030 441 19572344
96 376172.0 385717.0 386030 441 19772909
97 376796.0 385717.0 386030 441 19972932
98 375723.0 385717.0 386030 441 20172578
99 374513.0 385717.0 386030 441 20372757
100 375645.0 385717.0 386030 441 20572674
101 375946.0 385717.0 386030 441 20771635
102 373190.0 385717.0 386030 441 20971338
103 376568.0 385717.0 386030 441 21170685
104 377017.0 385717.0 386030 441 21370259
105 377456.0 385717.0 386030 441 21569753
106 373996.0 385717.0 386030 441 21769218
107 376528.0 385717.0 386030 441 21968064
108 383228.0 385717.0 386030 441 22166822
109 378254.0 385717.0 386030 441 22365882
110 375987.0 385717.0 386030 441 22563549
111 375484.0 385717.0 386030 441 22761269
112 374615.0 385717.0 386030 441 22958980
113 377263.0 385717.0 386030 441 23156194
114 375353.0 385717.0 386030 441 23353348
115 378405.0 385717.0 386030 441 23550327
116 374226.0 385717.0 386030 441 23747424
117 377999.0 385717.0 386030 441 23944592
118 376048.0 385717.0 386030 441 24141794
119 379725.0 385717.0 386030 441 24338131
120 375553.0 385717.0 386030 441 24534685
121 376410.0 385717.0 386030 441 24739032
122 376640.0 385717.0 386030 441 24937136
123 379963.0 385717.0 386030 441 25134496
124 376057.0 385717.0 386030 441 25331325
125 375777.0 385717.0 386030 441 25528234
126 377377.0 385717.0 386030 441 25724812
127 374471.0 385717.0 386030 441 25921108
128 380369.0 385717.0 386030 441 26117831
129 376686.0 385717.0 386030 441 26314535
130 376753.0 385717.0 386030 441 26510781
131 375631.0 385717.0 386030 441 26707235
132 378282.0 385717.0 386030 441 26903559
133 374034.0 385717.0 386030 441 27100369
134 376017.0 385717.0 386030 441 27296696
135 374537.0 385717.0 386030 441 27492746
136 381394.0 385717.0 386030 441 27689202
137 377303.0 385717.0 386030 441 27885295
138 380591.0 385717.0 386030 441 28080692
139 379094.0 385717.0 386030 441 28276552
140 376746.0 385717.0 386030 441 28472675
141 378328.0 385717.0 386030 441 28668987
142 375433.0 385717.0 386030 441 28865072
143 375869.0 385717.0 386030 441 29061056
144 375780.0 385717.0 386030 441 29256834
145 373852.0 385717.0 386030 441 29452674
146 376595.0 385717.0 386030 441 29648778
147 377048.0 385717.0 386030 441 29845218
148 377229.0 385717.0 386030 441 30040915
149 376660.0 385717.0 386030 441 30237037
150 378300.0 385717.0 386030 441 30433503
151 376956.0 385717.0 386030 441 30634916
152 374736.0 385717.0 386030 441 30830792
153 381274.0 385717.0 386030 441 31026339
154 378326.0 385717.0 386030 441 31221590
155 378442.0 385717.0 386030 441 31417000
156 376362.0 385717.0 386030 441 31612225
157 378009.0 385717.0 386030 441 31807441
158 379161.0 385717.0 386030 441 32008366
159 379164.0 385717.0 386030 441 32205030
160 378347.0 385717.0 386030 441 32401276
161 375950.0 385717.0 386030 441 32597470
162 379467.0 385717.0 386030 441 32793086
163 375977.0 385717.0 386030 441 32989163
164 374623.0 385717.0 386030 441 33184927
165 375393.0 385717.0 386030 441 33380684
166 374416.0 385717.0 386030 441 33576334
167 375360.0 385717.0 386030 441 33772158
168 375745.0 385717.0 386030 441 33973244
169 374860.0 385717.0 386030 441 34168436
170 375874.0 385717.0 386030 441 34363416
171 376383.0 385717.0 386030 441 34558388
172 374643.0 385717.0 386030 441 34753016
173 383564.0 385717.0 386030 441 34947792
174 376985.0 385717.0 386030 441 35142784
175 377356.0 385717.0 386030 441 35338146
176 376511.0 385717.0 386030 441 35533295
177 376989.0 385717.0 386030 441 35728657
178 376158.0 385717.0 386030 441 35923830
179 375991.0 385717.0 386030 441 36118972
180 374928.0 385717.0 386030 441 36314130
181 374822.0 385717.0 386030 441 36509608
182 380755.0 385717.0 386030 441 36704692
183 382906.0 385717.0 386030 441 36899780
184 376428.0 385717.0 386030 441 37094664
185 377523.0 385717.0 386030 441 37290395
186 376497.0 385717.0 386030 441 37489897
187 378379.0 385717.0 386030 441 37684413
188 376133.0 385717.0 386030 441 37878609
189 377640.0 385717.0 386030 441 38080031
190 377865.0 385717.0 386030 441 38275355
191 377696.0 385717.0 386030 441 38470590
192 375586.0 385717.0 386030 441 38665474
193 378322.0 385717.0 386030 441 38860297
194 379769.0 385717.0 386030 441 39055265
195 377190.0 385717.0 386030 441 39250038
196 378876.0 385717.0 386030 441 39444886
197 380353.0 385717.0 386030 441 39640084
198 380698.0 385717.0 386030 441 39834874
199 378129.0 385717.0 386030 441 40029204
200 383916.0 385717.0 386030 441 40223862
number of contigs : 441
Output file created

real	6959m52.621s
user	6727m31.720s
sys	48m21.080s
