Read configurations from config.txt.
Overlap threshold (Auto-tuned):  201
Fragments, config read and store time: 12287 ms
RUN 1
-------------
Generated Seeded Population
Generated Diverse Population
0 16.814432989690722 16.814432989690722 15089
1 28.996507566938302 28.996507566938302 25447 859 58345
2 45.89725209080048 45.89725209080048 38802 837 211608
3 34.06892523364486 45.89725209080048 38802 837 362279
4 51.875 51.875 43550 832 517711
5 48.62785114045618 51.875 43550 832 669431
6 53.60602409638554 53.60602409638554 45045 830 819203
7 58.22208737864078 58.22208737864078 48369 824 967004
8 62.85085574572127 62.85085574572127 51734 818 1099729
9 59.95255474452555 62.85085574572127 51734 818 1226692
10 66.82331288343558 66.82331288343558 54853 815 1355092
11 67.8179581795818 67.8179581795818 55643 813 1482178
12 73.93928128872366 73.93928128872366 60119 807 1608939
13 70.80987654320988 73.93928128872366 60119 807 1737035
14 81.55263157894737 81.55263157894737 65411 798 1864813
15 80.30037546933667 81.55263157894737 65411 798 1991997
16 83.34547738693468 83.34547738693468 66714 796 2119355
17 84.88287153652394 84.88287153652394 67740 794 2247533
18 92.5941475826972 92.5941475826972 73139 786 2374686
19 90.79568527918782 92.5941475826972 73139 786 2503069
20 98.37179487179488 98.37179487179488 77108 780 2629083
21 97.81794871794872 98.37179487179488 77108 780 2755218
22 102.42227979274611 102.42227979274611 79419 772 2883301
23 101.66280566280567 102.42227979274611 79419 772 3009624
24 114.25587467362924 114.25587467362924 87865 766 3137099
25 106.30859375 114.25587467362924 87865 766 3263382
26 117.94576719576719 117.94576719576719 89567 756 3389318
27 121.66447368421052 121.66447368421052 92842 760 3515687
28 121.50797872340425 121.66447368421052 92842 760 3643337
29 126.73837981407702 126.73837981407702 95794 753 3771965
30 126.9491298527443 126.9491298527443 95186 747 3898032
31 130.89719626168224 130.89719626168224 98390 749 4023896
32 129.80913978494624 130.89719626168224 98390 749 4151217
33 133.44578313253012 133.44578313253012 100052 747 4277143
34 137.49798115746972 137.49798115746972 102497 743 4403836
35 137.10887096774192 137.49798115746972 102497 743 4529183
36 141.83220568335588 141.83220568335588 105292 739 4655486
37 140.53234501347708 141.83220568335588 105292 739 4780747
38 145.71815718157183 145.71815718157183 107869 738 4904358
39 144.91587516960652 145.71815718157183 107869 738 5027614
40 149.77459016393442 149.77459016393442 109962 732 5151612
41 150.6525885558583 150.6525885558583 110887 734 5275458
42 151.13972602739727 151.13972602739727 110826 730 5397119
43 150.79890560875512 151.13972602739727 110826 730 5519707
44 158.58206896551724 158.58206896551724 115304 725 5645081
45 156.02735978112176 158.58206896551724 115304 725 5769434
46 158.73204419889504 158.73204419889504 115249 724 5892590
47 162.52155771905424 162.52155771905424 117210 719 6015726
48 166.34825174825176 166.34825174825176 119274 715 6139804
49 166.2092050209205 166.34825174825176 119274 715 6264149
50 174.30790960451978 174.30790960451978 123712 708 6388879
51 170.1037868162693 174.30790960451978 123712 708 6512378
52 174.41101694915255 174.41101694915255 123804 708 6634763
53 176.74079320113316 176.74079320113316 125077 706 6756978
54 181.23219373219374 181.23219373219374 127518 702 6877942
55 179.47727272727272 181.23219373219374 127518 702 6997822
56 181.23219373219374 181.23219373219374 127518 702 7117279
57 184.87124463519314 184.87124463519314 129509 699 7236511
58 185.87106017191977 185.87106017191977 130054 698 7355489
59 188.71079136690648 188.71079136690648 131477 695 7475754
60 191.27089337175792 191.27089337175792 133052 694 7595434
61 192.75036075036076 192.75036075036076 133842 693 7714389
62 192.9335260115607 192.9335260115607 133852 692 7833544
63 194.92608695652174 194.92608695652174 134787 690 7952585
64 196.74927536231883 196.74927536231883 136097 690 8072071
65 199.84985422740525 199.84985422740525 137579 686 8191631
66 201.2183406113537 201.2183406113537 138549 687 8310793
67 202.85693430656934 202.85693430656934 139274 685 8430251
68 203.5036496350365 203.5036496350365 139711 685 8549052
69 204.0204678362573 204.0204678362573 139849 684 8669436
70 207.316715542522 207.316715542522 141678 682 8794065
71 207.73823529411766 207.73823529411766 141578 680 8917201
72 207.4574780058651 207.73823529411766 141578 680 9039239
73 211.24778761061947 211.24778761061947 143505 678 9158566
74 213.8552437223043 213.8552437223043 145062 677 9282603
75 214.43259259259258 214.43259259259258 145014 675 9403197
76 214.09171597633136 214.43259259259258 145014 675 9523116
77 217.2704309063893 217.2704309063893 146501 673 9643229
78 221.01788375558868 221.01788375558868 148602 671 9764608
79 219.481426448737 221.01788375558868 148602 671 9882514
80 222.91641791044776 222.91641791044776 149662 670 10000955
81 223.52095808383234 223.52095808383234 149594 668 10119380
82 223.66517189835577 223.66517189835577 149918 669 10237055
83 228.2874251497006 228.2874251497006 152864 668 10354857
84 224.6203288490284 228.2874251497006 152864 668 10472056
85 235.6641452344932 235.6641452344932 156071 661 10589267
86 230.41529235382308 235.6641452344932 156071 661 10706459
87 235.06656580937974 235.6641452344932 156071 661 10823060
88 237.64599092284416 237.64599092284416 157387 661 10938933
89 238.79210925644915 238.79210925644915 157815 659 11055189
90 241.4261796042618 241.4261796042618 158910 657 11171836
91 241.59056316590562 241.59056316590562 159026 657 11287821
92 241.87823439878235 241.87823439878235 159208 657 11402889
93 244.71297709923664 244.71297709923664 160591 655 11518177
94 245.37003058103974 245.37003058103974 160791 654 11633878
95 245.1605504587156 245.37003058103974 160791 654 11749612
96 248.13476263399693 248.13476263399693 162332 653 11864952
97 248.71779141104295 248.71779141104295 162456 652 11981187
98 249.87576687116564 249.87576687116564 163214 652 12097650
99 251.8659476117103 251.8659476117103 163723 649 12213730
100 252.67434715821813 252.67434715821813 164766 651 12330071
101 255.43672839506172 255.43672839506172 165827 648 12453201
102 254.64605873261206 255.43672839506172 165827 648 12571939
103 258.6656346749226 258.6656346749226 167382 646 12689837
104 260.0604651162791 260.0604651162791 168173 645 12808328
105 261.39130434782606 261.39130434782606 168580 644 12926702
106 261.4186046511628 261.4186046511628 168894 645 13045681
107 263.950233281493 263.950233281493 170008 643 13164086
108 263.7429906542056 263.950233281493 170008 643 13284491
109 265.05616224648986 265.05616224648986 170179 641 13404309
110 267.59282371294853 267.59282371294853 171803 641 13520282
111 269.1515625 269.1515625 172549 640 13637016
112 269.7852664576802 269.7852664576802 172388 638 13753472
113 272.8867924528302 272.8867924528302 173825 636 13869971
114 273.1350078492936 273.1350078492936 174266 637 13992734
115 274.1086614173228 274.1086614173228 174343 635 14109947
116 274.9135220125786 274.9135220125786 175143 636 14228517
117 279.32805071315374 279.32805071315374 176572 631 14346378
118 279.86550632911394 279.86550632911394 177120 632 14464895
119 280.88114104595877 280.88114104595877 177489 631 14583007
120 282.5952380952381 282.5952380952381 178312 630 14700374
121 285.53184713375794 285.53184713375794 179770 628 14816978
122 284.29570747217804 285.53184713375794 179770 628 14933528
123 288.04944178628386 288.04944178628386 180852 627 15049778
124 287.38118022328547 288.04944178628386 180852 627 15166192
125 290.81570512820514 290.81570512820514 181763 624 15283016
126 289.09424920127793 290.81570512820514 181763 624 15399316
127 291.86035313001605 291.86035313001605 182133 623 15515720
128 294.40675241157555 294.40675241157555 183360 622 15632764
129 293.338683788122 294.40675241157555 183360 622 15749581
130 295.92730210016157 295.92730210016157 183454 619 15865915
131 297.3719806763285 297.3719806763285 184901 621 15982023
132 298.0532258064516 298.0532258064516 185040 620 16101282
133 299.7168284789644 299.7168284789644 185482 618 16224736
134 302.0829268292683 302.0829268292683 186045 615 16343007
135 302.4676375404531 302.4676375404531 187180 618 16460132
136 303.6353322528363 303.6353322528363 187627 617 16576920
137 305.18831168831167 305.18831168831167 188242 616 16693542
138 306.63235294117646 306.63235294117646 187930 612 16810220
139 307.5065359477124 307.5065359477124 188473 612 16927346
140 308.38048780487804 308.38048780487804 189906 615 17044329
141 311.88196721311476 311.88196721311476 190508 610 17161465
142 312.0570962479608 312.0570962479608 191552 613 17279312
143 311.88196721311476 312.0570962479608 191552 613 17399473
144 315.7858319604613 315.7858319604613 191974 607 17514999
145 314.04926108374383 315.7858319604613 191974 607 17630457
146 315.3832236842105 315.7858319604613 191974 607 17745702
147 314.45155993431854 315.7858319604613 191974 607 17860920
148 317.81848184818483 317.81848184818483 192880 606 17976170
149 319.3256198347107 319.3256198347107 193651 605 18091967
150 324.87728026533995 324.87728026533995 196182 603 18206888
151 322.1708126036484 324.87728026533995 196182 603 18321807
152 323.09437086092714 324.87728026533995 196182 603 18436352
153 325.32006633499174 325.32006633499174 196440 603 18550216
154 329.21166666666664 329.21166666666664 197812 600 18664119
155 328.755 329.21166666666664 197812 600 18778419
156 333.65159128978223 333.65159128978223 199448 597 18891950
157 332.32274247491637 333.65159128978223 199448 597 19006035
158 334.7953020134228 334.7953020134228 199831 596 19120094
159 335.47658862876256 335.47658862876256 201071 598 19233286
160 335.2986577181208 335.47658862876256 201071 598 19347508
161 336.23993288590606 336.23993288590606 200824 596 19462897
162 337.98148148148147 337.98148148148147 201036 594 19576496
163 340.6593591905565 340.6593591905565 202264 593 19690292
164 339.4107744107744 340.6593591905565 202264 593 19803942
165 340.4148397976391 340.6593591905565 202264 593 19917454
166 342.75379426644184 342.75379426644184 203526 593 20030977
167 343.2233502538071 343.2233502538071 203139 591 20143900
168 344.8950930626058 344.8950930626058 204091 591 20257322
169 344.38578680203045 344.8950930626058 204091 591 20371388
170 346.49576988155667 346.49576988155667 205253 591 20485384
171 346.8781725888325 346.8781725888325 205258 591 20599341
172 347.48135593220337 347.48135593220337 205280 590 20712511
173 352.1530612244898 352.1530612244898 207350 588 20826008
174 348.8554421768707 352.1530612244898 207350 588 20939330
175 350.3106960950764 352.1530612244898 207350 588 21057713
176 352.3486394557823 352.3486394557823 207468 588 21175174
177 353.8824531516184 353.8824531516184 208005 587 21291719
178 355.4726962457338 355.4726962457338 208572 586 21406679
179 356.2866894197952 356.2866894197952 209066 586 21520722
180 356.17064846416383 356.2866894197952 209066 586 21633898
181 358.1418803418803 358.1418803418803 209796 585 21748420
182 359.07705479452056 359.07705479452056 209971 584 21862461
183 358.0769230769231 359.07705479452056 209971 584 21976886
184 361.3121783876501 361.3121783876501 210911 583 22091024
185 359.7345890410959 361.3121783876501 210911 583 22206331
186 365.53528399311534 365.53528399311534 212650 581 22320488
187 363.28694158075604 365.53528399311534 212650 581 22434227
188 365.98623063683306 365.98623063683306 213069 581 22548487
189 366.5903614457831 366.5903614457831 213233 581 22663105
190 369.60449050086356 369.60449050086356 214263 579 22778470
191 369.9119170984456 369.9119170984456 214438 579 22892914
192 370.8979238754325 370.8979238754325 214624 578 23007648
193 371.0432525951557 371.0432525951557 214734 578 23122520
194 371.3096885813149 371.3096885813149 214907 578 23236987
195 373.1386481802426 373.1386481802426 215537 577 23351253
196 374.34488734835355 374.34488734835355 216267 577 23465356
197 373.62911611785097 374.34488734835355 216267 577 23579681
198 378.02090592334497 378.02090592334497 217220 574 23693856
199 375.8177083333333 378.02090592334497 217220 574 23808784
200 378.02090592334497 378.02090592334497 217220 574 23923462
number of contigs : 574
Output file created
