Overlap threshold (Auto-tuned):  200
Fragments, config read and store time: 14565 ms
RUN 1
-------------
Generated Seeded Population
Generated Diverse Population
0 190096.0 190096.0 190490
1 196710.0 196710.0 196984 427 93091
2 200327.0 200327.0 200536 423 294910
3 198110.0 200327.0 200536 423 475406
4 201184.0 201184.0 201369 425 655059
5 203292.0 203292.0 203701 410 836590
6 202334.0 203292.0 203701 410 1008294
7 203827.0 203827.0 203992 410 1177587
8 205956.0 205956.0 206146 406 1374998
9 206763.0 206763.0 206930 407 1564835
10 211687.0 211687.0 211907 412 1743481
11 210405.0 211687.0 211907 412 1917487
12 209277.0 211687.0 211907 412 2081107
13 213556.0 213556.0 213917 411 2231455
14 214571.0 214571.0 214784 405 2384734
15 211890.0 214571.0 214784 405 2532886
16 213457.0 214571.0 214784 405 2722633
17 220010.0 220010.0 220175 401 2895948
18 217538.0 220010.0 220175 401 3075715
19 215396.0 220010.0 220175 401 3240717
20 219097.0 220010.0 220175 401 3404456
21 221110.0 221110.0 221298 401 3555856
22 221510.0 221510.0 221704 400 3709026
23 217318.0 221510.0 221704 400 3913784
24 219699.0 221510.0 221704 400 4067892
25 221770.0 221770.0 222118 406 4250954
26 220810.0 221770.0 222118 406 4406938
27 220905.0 221770.0 222118 406 4578477
28 222571.0 222571.0 222777 401 4724643
29 220087.0 222571.0 222777 401 4860926
30 223662.0 223662.0 223840 399 4996920
31 222424.0 223662.0 223840 399 5133616
32 221656.0 223662.0 223840 399 5280117
33 221577.0 223662.0 223840 399 5421287
34 223383.0 223662.0 223840 399 5559562
35 223380.0 223662.0 223840 399 5695267
36 225065.0 225065.0 225396 392 5842990
37 225014.0 225065.0 225396 392 5981548
38 223464.0 225065.0 225396 392 6115351
39 225584.0 225584.0 225898 397 6248528
40 225912.0 225912.0 226084 398 6381030
41 223590.0 225912.0 226084 398 6513757
42 226765.0 226765.0 226955 392 6645814
43 226850.0 226850.0 227050 397 6794294
44 224817.0 226850.0 227050 397 6930960
45 228022.0 228022.0 228402 388 7083930
46 226991.0 228022.0 228402 388 7218304
47 228980.0 228980.0 229152 396 7351299
48 227263.0 228980.0 229152 396 7484001
49 227831.0 228980.0 229152 396 7619819
50 227816.0 228980.0 229152 396 7807907
51 228964.0 228980.0 229152 396 7950576
52 228127.0 228980.0 229152 396 8089924
53 229808.0 229808.0 230000 395 8229248
54 229042.0 229808.0 230000 395 8372210
55 233234.0 233234.0 233553 385 8518084
56 229992.0 233234.0 233553 385 8655077
57 230094.0 233234.0 233553 385 8788694
58 228920.0 233234.0 233553 385 8931974
59 234178.0 234178.0 234376 387 9069807
60 228237.0 234178.0 234376 387 9241138
61 229228.0 234178.0 234376 387 9394932
62 230821.0 234178.0 234376 387 9548961
63 230274.0 234178.0 234376 387 9685059
64 228823.0 234178.0 234376 387 9841528
65 230370.0 234178.0 234376 387 9979248
66 230288.0 234178.0 234376 387 10134151
67 229738.0 234178.0 234376 387 10273354
68 229116.0 234178.0 234376 387 10413792
69 230559.0 234178.0 234376 387 10556907
70 230667.0 234178.0 234376 387 10689880
71 230484.0 234178.0 234376 387 10825124
72 233600.0 234178.0 234376 387 10957502
73 234215.0 234215.0 234386 382 11095594
74 230914.0 234215.0 234386 382 11231855
75 235459.0 235459.0 235760 390 11363098
76 231364.0 235459.0 235760 390 11516661
77 231532.0 235459.0 235760 390 11653444
78 231619.0 235459.0 235760 390 11784460
79 233135.0 235459.0 235760 390 11915744
80 231461.0 235459.0 235760 390 12063525
81 232398.0 235459.0 235760 390 12215722
82 230052.0 235459.0 235760 390 12364152
83 228488.0 235459.0 235760 390 12503185
84 230663.0 235459.0 235760 390 12642797
85 232106.0 235459.0 235760 390 12785704
86 232742.0 235459.0 235760 390 12935474
87 230054.0 235459.0 235760 390 13085283
88 235540.0 235540.0 235738 390 13223181
89 229453.0 235540.0 235738 390 13364674
90 231591.0 235540.0 235738 390 13507735
91 232273.0 235540.0 235738 390 13650132
92 233708.0 235540.0 235738 390 13806274
93 231426.0 235540.0 235738 390 13947665
94 231075.0 235540.0 235738 390 14091097
95 233348.0 235540.0 235738 390 14232536
96 232199.0 235540.0 235738 390 14371016
97 232944.0 235540.0 235738 390 14516990
98 233852.0 235540.0 235738 390 14656268
99 231773.0 235540.0 235738 390 14793026
100 231572.0 235540.0 235738 390 14967082
101 234067.0 235540.0 235738 390 15105763
102 233309.0 235540.0 235738 390 15245202
103 233655.0 235540.0 235738 390 15384931
104 234238.0 235540.0 235738 390 15543295
105 230794.0 235540.0 235738 390 15705952
106 232930.0 235540.0 235738 390 15838516
107 234895.0 235540.0 235738 390 15980575
108 236270.0 236270.0 236481 390 16126105
109 233487.0 236270.0 236481 390 16266768
110 233214.0 236270.0 236481 390 16396939
111 237664.0 237664.0 238006 388 16538350
112 234883.0 237664.0 238006 388 16685015
113 232399.0 237664.0 238006 388 16814700
114 232803.0 237664.0 238006 388 16953133
115 231703.0 237664.0 238006 388 17102173
116 237480.0 237664.0 238006 388 17238985
117 230746.0 237664.0 238006 388 17368304
118 236166.0 237664.0 238006 388 17498171
119 235529.0 237664.0 238006 388 17628707
120 234948.0 237664.0 238006 388 17763024
121 232793.0 237664.0 238006 388 17905888
122 234572.0 237664.0 238006 388 18053259
123 232282.0 237664.0 238006 388 18203168
124 232246.0 237664.0 238006 388 18352080
125 230656.0 237664.0 238006 388 18489853
126 233305.0 237664.0 238006 388 18631365
127 233612.0 237664.0 238006 388 18767135
128 233580.0 237664.0 238006 388 18898656
129 237519.0 237664.0 238006 388 19041963
130 231900.0 237664.0 238006 388 19174819
131 233094.0 237664.0 238006 388 19303102
132 232349.0 237664.0 238006 388 19448107
133 232075.0 237664.0 238006 388 19585765
134 232723.0 237664.0 238006 388 19718358
135 231643.0 237664.0 238006 388 19860437
136 235143.0 237664.0 238006 388 20006211
137 236661.0 237664.0 238006 388 20142311
138 230741.0 237664.0 238006 388 20278581
139 235666.0 237664.0 238006 388 20416124
140 234589.0 237664.0 238006 388 20549808
141 232089.0 237664.0 238006 388 20686402
142 233697.0 237664.0 238006 388 20822236
143 233856.0 237664.0 238006 388 20954150
144 231873.0 237664.0 238006 388 21107513
145 237265.0 237664.0 238006 388 21299420
146 234016.0 237664.0 238006 388 21435060
147 232146.0 237664.0 238006 388 21569002
148 233259.0 237664.0 238006 388 21705422
149 232366.0 237664.0 238006 388 21846825
150 239349.0 239349.0 239647 384 21990904
151 231345.0 239349.0 239647 384 22162280
152 234310.0 239349.0 239647 384 22297748
153 232593.0 239349.0 239647 384 22429927
154 235322.0 239349.0 239647 384 22565755
155 231856.0 239349.0 239647 384 22703305
156 234659.0 239349.0 239647 384 22835338
157 238134.0 239349.0 239647 384 22967087
158 233696.0 239349.0 239647 384 23098973
159 232994.0 239349.0 239647 384 23231316
160 234351.0 239349.0 239647 384 23371067
161 236213.0 239349.0 239647 384 23511767
162 235898.0 239349.0 239647 384 23655559
163 235382.0 239349.0 239647 384 23789962
164 235151.0 239349.0 239647 384 23922315
165 238564.0 239349.0 239647 384 24052933
166 237180.0 239349.0 239647 384 24224028
167 237405.0 239349.0 239647 384 24372967
168 233840.0 239349.0 239647 384 24526072
169 234874.0 239349.0 239647 384 24668448
170 234546.0 239349.0 239647 384 24835260
171 235044.0 239349.0 239647 384 24984182
172 237128.0 239349.0 239647 384 25123236
173 231976.0 239349.0 239647 384 25256080
174 239481.0 239481.0 239647 380 25412793
175 235322.0 239481.0 239647 380 25550767
176 233078.0 239481.0 239647 380 25685902
177 237436.0 239481.0 239647 380 25819566
178 234779.0 239481.0 239647 380 25956284
179 232828.0 239481.0 239647 380 26096068
180 237557.0 239481.0 239647 380 26252715
181 233131.0 239481.0 239647 380 26402186
182 235539.0 239481.0 239647 380 26534749
183 234238.0 239481.0 239647 380 26718225
184 235070.0 239481.0 239647 380 26895903
185 235580.0 239481.0 239647 380 27042723
186 240565.0 240565.0 240749 382 27190253
187 236310.0 240565.0 240749 382 27326127
188 234176.0 240565.0 240749 382 27477988
189 234822.0 240565.0 240749 382 27610531
190 233776.0 240565.0 240749 382 27742018
191 234705.0 240565.0 240749 382 27872775
192 236775.0 240565.0 240749 382 28009025
193 236304.0 240565.0 240749 382 28162954
194 233857.0 240565.0 240749 382 28308866
195 234105.0 240565.0 240749 382 28444954
196 234105.0 240565.0 240749 382 28575314
197 235127.0 240565.0 240749 382 28707863
198 238280.0 240565.0 240749 382 28849488
199 234693.0 240565.0 240749 382 28994881
200 234311.0 240565.0 240749 382 29165256
number of contigs : 382
Output file created
RUN 2
-------------
Generated Seeded Population
Generated Diverse Population
0 187452.0 187452.0 187644
1 198987.0 198987.0 199392 423 85373
2 199730.0 199730.0 199924 427 257850
3 204118.0 204118.0 204315 420 419914
4 202378.0 204118.0 204315 420 582974
5 202714.0 204118.0 204315 420 747442
6 205487.0 205487.0 205679 420 918648
7 207696.0 207696.0 208101 418 1121805
8 206685.0 207696.0 208101 418 1279144
9 207524.0 207696.0 208101 418 1504523
10 210361.0 210361.0 210574 408 1668077
11 210608.0 210608.0 210795 413 1826531
12 214483.0 214483.0 214706 406 1994065
13 214030.0 214483.0 214706 406 2149256
14 212705.0 214483.0 214706 406 2294886
15 214934.0 214934.0 215118 411 2442447
16 216005.0 216005.0 216193 403 2589485
17 216162.0 216162.0 216343 403 2740158
18 220161.0 220161.0 220342 400 2883770
19 218062.0 220161.0 220342 400 3030735
20 220644.0 220644.0 220851 400 3176086
21 217826.0 220644.0 220851 400 3348564
22 220046.0 220644.0 220851 400 3493253
23 220835.0 220835.0 221009 401 3635857
24 222325.0 222325.0 222510 400 3788679
25 222423.0 222423.0 222591 399 3939453
26 221247.0 222423.0 222591 399 4094991
27 223733.0 223733.0 223940 401 4238435
28 221882.0 223733.0 223940 401 4389675
29 223052.0 223733.0 223940 401 4567214
30 225760.0 225760.0 225959 395 4728372
31 225585.0 225760.0 225959 395 4905453
32 224648.0 225760.0 225959 395 5047685
33 223564.0 225760.0 225959 395 5204485
34 222667.0 225760.0 225959 395 5350019
35 223699.0 225760.0 225959 395 5500769
36 223754.0 225760.0 225959 395 5661102
37 222177.0 225760.0 225959 395 5803106
38 226546.0 226546.0 226741 390 5961268
39 228045.0 228045.0 228402 395 6141095
40 224466.0 228045.0 228402 395 6301863
41 226401.0 228045.0 228402 395 6459267
42 227097.0 228045.0 228402 395 6600321
43 224430.0 228045.0 228402 395 6758994
44 228318.0 228318.0 228495 388 6900827
45 230743.0 230743.0 230974 392 7040907
46 225754.0 230743.0 230974 392 7181075
47 226311.0 230743.0 230974 392 7316223
48 230739.0 230743.0 230974 392 7450525
49 227760.0 230743.0 230974 392 7584301
50 226897.0 230743.0 230974 392 7718479
51 228251.0 230743.0 230974 392 7869860
52 228791.0 230743.0 230974 392 8027428
53 232384.0 232384.0 232578 387 8168633
54 229752.0 232384.0 232578 387 8308618
55 227712.0 232384.0 232578 387 8444927
56 230475.0 232384.0 232578 387 8585158
57 228235.0 232384.0 232578 387 8728926
58 230164.0 232384.0 232578 387 8860899
59 233271.0 233271.0 233455 390 8996529
60 232257.0 233271.0 233455 390 9135718
61 228909.0 233271.0 233455 390 9276397
62 232058.0 233271.0 233455 390 9416070
63 234039.0 234039.0 234234 392 9561825
64 231330.0 234039.0 234234 392 9729225
65 232191.0 234039.0 234234 392 9869784
66 233237.0 234039.0 234234 392 10005643
67 232998.0 234039.0 234234 392 10141286
68 232004.0 234039.0 234234 392 10287402
69 234056.0 234056.0 234236 389 10441641
70 233516.0 234056.0 234236 389 10607114
71 231755.0 234056.0 234236 389 10754887
72 232711.0 234056.0 234236 389 10909141
73 233888.0 234056.0 234236 389 11055764
74 234789.0 234789.0 234981 387 11193915
75 231897.0 234789.0 234981 387 11353458
76 235706.0 235706.0 235896 379 11503343
77 234230.0 235706.0 235896 379 11672094
78 232899.0 235706.0 235896 379 11806166
79 237328.0 237328.0 237508 380 11943590
80 232283.0 237328.0 237508 380 12086734
81 235289.0 237328.0 237508 380 12219249
82 231926.0 237328.0 237508 380 12348926
83 234396.0 237328.0 237508 380 12498271
84 234132.0 237328.0 237508 380 12650858
85 236322.0 237328.0 237508 380 12795337
86 235527.0 237328.0 237508 380 12959882
87 231384.0 237328.0 237508 380 13094156
88 236239.0 237328.0 237508 380 13244042
89 232269.0 237328.0 237508 380 13374093
90 232295.0 237328.0 237508 380 13518421
91 233920.0 237328.0 237508 380 13679490
92 233494.0 237328.0 237508 380 13826081
93 232732.0 237328.0 237508 380 13973119
94 233002.0 237328.0 237508 380 14102874
95 235931.0 237328.0 237508 380 14239547
96 233591.0 237328.0 237508 380 14402402
97 232737.0 237328.0 237508 380 14541507
98 233852.0 237328.0 237508 380 14673731
99 230819.0 237328.0 237508 380 14813634
100 237128.0 237328.0 237508 380 14976803
101 234533.0 237328.0 237508 380 15113762
102 238011.0 238011.0 238210 389 15257702
103 233652.0 238011.0 238210 389 15398952
104 237624.0 238011.0 238210 389 15533715
105 235130.0 238011.0 238210 389 15701492
106 232937.0 238011.0 238210 389 15847052
107 234495.0 238011.0 238210 389 15985573
108 232767.0 238011.0 238210 389 16123184
109 236325.0 238011.0 238210 389 16275335
110 233353.0 238011.0 238210 389 16418908
111 232607.0 238011.0 238210 389 16556350
112 234622.0 238011.0 238210 389 16701123
113 234082.0 238011.0 238210 389 16858783
114 233933.0 238011.0 238210 389 16993887
115 235262.0 238011.0 238210 389 17131285
116 235622.0 238011.0 238210 389 17265326
117 231982.0 238011.0 238210 389 17406417
118 233041.0 238011.0 238210 389 17548839
119 238277.0 238277.0 238442 388 17680356
120 236111.0 238277.0 238442 388 17813910
121 234614.0 238277.0 238442 388 17948629
122 233964.0 238277.0 238442 388 18107319
123 233576.0 238277.0 238442 388 18270737
124 235101.0 238277.0 238442 388 18426311
125 234007.0 238277.0 238442 388 18561738
126 232937.0 238277.0 238442 388 18697281
127 235360.0 238277.0 238442 388 18829593
128 234535.0 238277.0 238442 388 18965150
129 233896.0 238277.0 238442 388 19109218
130 235105.0 238277.0 238442 388 19271783
131 233798.0 238277.0 238442 388 19413450
132 233731.0 238277.0 238442 388 19551197
133 233925.0 238277.0 238442 388 19699242
134 233004.0 238277.0 238442 388 19838675
135 231286.0 238277.0 238442 388 19980978
136 235565.0 238277.0 238442 388 20115746
137 236389.0 238277.0 238442 388 20250072
138 234820.0 238277.0 238442 388 20383115
139 237140.0 238277.0 238442 388 20523838
140 234555.0 238277.0 238442 388 20696222
141 234212.0 238277.0 238442 388 20829842
142 236172.0 238277.0 238442 388 20980056
143 239710.0 239710.0 240130 382 21112271
144 236343.0 239710.0 240130 382 21254962
145 234335.0 239710.0 240130 382 21388571
146 235987.0 239710.0 240130 382 21518776
147 237285.0 239710.0 240130 382 21657916
148 234734.0 239710.0 240130 382 21798032
149 237182.0 239710.0 240130 382 21941177
150 234026.0 239710.0 240130 382 22104050
151 234728.0 239710.0 240130 382 22246739
152 235696.0 239710.0 240130 382 22378225
153 232406.0 239710.0 240130 382 22510280
154 234614.0 239710.0 240130 382 22647332
155 235068.0 239710.0 240130 382 22787254
156 234700.0 239710.0 240130 382 22934597
157 236708.0 239710.0 240130 382 23116885
158 233766.0 239710.0 240130 382 23269003
159 236096.0 239710.0 240130 382 23405187
160 238047.0 239710.0 240130 382 23543918
161 234586.0 239710.0 240130 382 23678863
162 235335.0 239710.0 240130 382 23810978
163 234847.0 239710.0 240130 382 23942009
164 234606.0 239710.0 240130 382 24079241
165 237793.0 239710.0 240130 382 24210066
166 232447.0 239710.0 240130 382 24346193
167 233439.0 239710.0 240130 382 24490058
168 237855.0 239710.0 240130 382 24634166
169 235500.0 239710.0 240130 382 24771917
170 235205.0 239710.0 240130 382 24924886
171 236956.0 239710.0 240130 382 25108077
172 236393.0 239710.0 240130 382 25280014
173 238077.0 239710.0 240130 382 25417848
174 236602.0 239710.0 240130 382 25550039
175 236946.0 239710.0 240130 382 25682213
176 241813.0 241813.0 241998 372 25819682
177 236220.0 241813.0 241998 372 25960465
178 234630.0 241813.0 241998 372 26090292
179 240431.0 241813.0 241998 372 26233494
180 236072.0 241813.0 241998 372 26379143
181 234672.0 241813.0 241998 372 26508667
182 236169.0 241813.0 241998 372 26645040
183 234317.0 241813.0 241998 372 26787591
184 233017.0 241813.0 241998 372 26928809
185 234966.0 241813.0 241998 372 27104645
186 234071.0 241813.0 241998 372 27252804
187 235105.0 241813.0 241998 372 27387605
188 232707.0 241813.0 241998 372 27529982
189 233929.0 241813.0 241998 372 27682172
190 235578.0 241813.0 241998 372 27838266
191 232185.0 241813.0 241998 372 27991482
192 234550.0 241813.0 241998 372 28144978
193 234449.0 241813.0 241998 372 28298555
194 234420.0 241813.0 241998 372 28494745
195 234969.0 241813.0 241998 372 28631299
196 238893.0 241813.0 241998 372 28777707
197 236402.0 241813.0 241998 372 28917318
198 234641.0 241813.0 241998 372 29076020
199 237172.0 241813.0 241998 372 29235263
200 238052.0 241813.0 241998 372 29370740
number of contigs : 372
Output file created
RUN 3
-------------
Generated Seeded Population
Generated Diverse Population
0 192614.0 192614.0 192862
1 193897.0 193897.0 194105 425 84584
2 198365.0 198365.0 198575 423 272443
3 201109.0 201109.0 201313 420 493375
4 206420.0 206420.0 206586 418 656687
5 207033.0 207033.0 207219 418 841441
6 203796.0 207033.0 207219 418 1025086
7 205381.0 207033.0 207219 418 1239778
8 208066.0 208066.0 208451 407 1424150
9 204277.0 208066.0 208451 407 1592102
10 210409.0 210409.0 210606 407 1759565
11 209384.0 210409.0 210606 407 1921007
12 207456.0 210409.0 210606 407 2092222
13 211637.0 211637.0 211830 406 2251480
14 210051.0 211637.0 211830 406 2464342
15 212259.0 212259.0 212467 417 2638116
16 213512.0 213512.0 213902 417 2826727
17 214360.0 214360.0 214568 412 2975192
18 214999.0 214999.0 215195 412 3156778
19 217388.0 217388.0 217593 407 3300915
20 216098.0 217388.0 217593 407 3440899
21 217287.0 217388.0 217593 407 3592433
22 218561.0 218561.0 218750 409 3758092
23 216875.0 218561.0 218750 409 3907337
24 220712.0 220712.0 220906 407 4060352
25 219158.0 220712.0 220906 407 4201950
26 221438.0 221438.0 221640 407 4345065
27 220250.0 221438.0 221640 407 4496122
28 221412.0 221438.0 221640 407 4649457
29 223934.0 223934.0 224102 396 4785504
30 224492.0 224492.0 224671 394 4920386
31 224019.0 224492.0 224671 394 5054818
32 221702.0 224492.0 224671 394 5197319
33 223573.0 224492.0 224671 394 5369656
34 224236.0 224492.0 224671 394 5516987
35 222730.0 224492.0 224671 394 5661128
36 223150.0 224492.0 224671 394 5806137
37 226268.0 226268.0 226456 395 5978257
38 224924.0 226268.0 226456 395 6117258
39 224625.0 226268.0 226456 395 6255892
40 225836.0 226268.0 226456 395 6410504
41 225552.0 226268.0 226456 395 6547269
42 225594.0 226268.0 226456 395 6703984
43 225671.0 226268.0 226456 395 6840281
44 226883.0 226883.0 227088 401 6974994
45 227652.0 227652.0 227896 396 7108383
46 227020.0 227652.0 227896 396 7245552
47 227430.0 227652.0 227896 396 7397989
48 228242.0 228242.0 228443 400 7540832
49 227151.0 228242.0 228443 400 7685755
50 229916.0 229916.0 230109 395 7838384
51 230330.0 230330.0 230864 400 7981231
52 229525.0 230330.0 230864 400 8121820
53 228707.0 230330.0 230864 400 8261528
54 232217.0 232217.0 232451 402 8400586
55 229467.0 232217.0 232451 402 8538424
56 230539.0 232217.0 232451 402 8678369
57 231071.0 232217.0 232451 402 8818238
58 231828.0 232217.0 232451 402 8964029
59 229305.0 232217.0 232451 402 9112998
60 230740.0 232217.0 232451 402 9262044
61 232481.0 232481.0 232789 392 9409664
62 239060.0 239060.0 239221 387 9550253
63 235350.0 239060.0 239221 387 9684749
64 232922.0 239060.0 239221 387 9828772
65 232643.0 239060.0 239221 387 9970509
66 234868.0 239060.0 239221 387 10121093
67 232993.0 239060.0 239221 387 10264174
68 234220.0 239060.0 239221 387 10400817
69 234440.0 239060.0 239221 387 10539791
70 236349.0 239060.0 239221 387 10692086
71 236936.0 239060.0 239221 387 10832485
72 232900.0 239060.0 239221 387 10963433
73 233537.0 239060.0 239221 387 11098369
74 239842.0 239842.0 239995 391 11266183
75 236579.0 239842.0 239995 391 11404912
76 237504.0 239842.0 239995 391 11550914
77 237252.0 239842.0 239995 391 11681454
78 234847.0 239842.0 239995 391 11811466
79 234753.0 239842.0 239995 391 11947666
80 234133.0 239842.0 239995 391 12084796
81 235032.0 239842.0 239995 391 12214293
82 237925.0 239842.0 239995 391 12345042
83 234617.0 239842.0 239995 391 12502404
84 233208.0 239842.0 239995 391 12659816
85 234275.0 239842.0 239995 391 12822365
86 234601.0 239842.0 239995 391 12960358
87 238420.0 239842.0 239995 391 13105204
88 240196.0 240196.0 240371 381 13243656
89 234507.0 240196.0 240371 381 13421202
90 236997.0 240196.0 240371 381 13581448
91 236716.0 240196.0 240371 381 13737454
92 235821.0 240196.0 240371 381 13881016
93 236709.0 240196.0 240371 381 14018127
94 236376.0 240196.0 240371 381 14155945
95 235609.0 240196.0 240371 381 14301892
96 236911.0 240196.0 240371 381 14456450
97 235033.0 240196.0 240371 381 14596495
98 235677.0 240196.0 240371 381 14739613
99 235276.0 240196.0 240371 381 14884797
100 235482.0 240196.0 240371 381 15016370
101 238670.0 240196.0 240371 381 15152069
102 235943.0 240196.0 240371 381 15293337
103 236281.0 240196.0 240371 381 15446909
104 236095.0 240196.0 240371 381 15580838
105 235861.0 240196.0 240371 381 15716813
106 238185.0 240196.0 240371 381 15866367
107 242403.0 242403.0 242611 383 15995032
108 237647.0 242403.0 242611 383 16131303
109 235771.0 242403.0 242611 383 16288041
110 237646.0 242403.0 242611 383 16422665
111 237758.0 242403.0 242611 383 16564869
112 235076.0 242403.0 242611 383 16696783
113 236729.0 242403.0 242611 383 16826546
114 236010.0 242403.0 242611 383 16955459
115 234309.0 242403.0 242611 383 17105665
116 237279.0 242403.0 242611 383 17251454
117 237356.0 242403.0 242611 383 17393184
118 235723.0 242403.0 242611 383 17535828
119 236690.0 242403.0 242611 383 17678885
120 239123.0 242403.0 242611 383 17826755
121 235897.0 242403.0 242611 383 17960605
122 234816.0 242403.0 242611 383 18090265
123 236974.0 242403.0 242611 383 18258806
124 235932.0 242403.0 242611 383 18400135
125 235858.0 242403.0 242611 383 18536028
126 235479.0 242403.0 242611 383 18692725
127 238276.0 242403.0 242611 383 18832298
128 235526.0 242403.0 242611 383 18977568
129 237246.0 242403.0 242611 383 19113950
130 234690.0 242403.0 242611 383 19262033
131 237478.0 242403.0 242611 383 19399038
132 237340.0 242403.0 242611 383 19535430
133 236059.0 242403.0 242611 383 19670016
134 235613.0 242403.0 242611 383 19816602
135 239560.0 242403.0 242611 383 19948895
136 238669.0 242403.0 242611 383 20084889
137 237915.0 242403.0 242611 383 20257704
138 237556.0 242403.0 242611 383 20407512
139 239621.0 242403.0 242611 383 20541414
140 238353.0 242403.0 242611 383 20673952
141 239025.0 242403.0 242611 383 20805101
142 238258.0 242403.0 242611 383 20934890
143 234775.0 242403.0 242611 383 21066461
144 234768.0 242403.0 242611 383 21195813
145 236075.0 242403.0 242611 383 21341168
146 236848.0 242403.0 242611 383 21472159
147 234923.0 242403.0 242611 383 21607795
148 234380.0 242403.0 242611 383 21742367
149 236975.0 242403.0 242611 383 21871865
150 235484.0 242403.0 242611 383 22015732
151 235920.0 242403.0 242611 383 22161932
152 239355.0 242403.0 242611 383 22303377
153 237275.0 242403.0 242611 383 22436102
154 237766.0 242403.0 242611 383 22570196
155 240650.0 242403.0 242611 383 22701318
156 238440.0 242403.0 242611 383 22834066
157 237539.0 242403.0 242611 383 22981043
158 234982.0 242403.0 242611 383 23112177
159 238166.0 242403.0 242611 383 23246163
160 238992.0 242403.0 242611 383 23410044
161 238813.0 242403.0 242611 383 23566413
162 237763.0 242403.0 242611 383 23722346
163 236350.0 242403.0 242611 383 23855573
164 239845.0 242403.0 242611 383 24010221
165 240192.0 242403.0 242611 383 24139238
166 238027.0 242403.0 242611 383 24271075
167 236237.0 242403.0 242611 383 24429006
168 236783.0 242403.0 242611 383 24576972
169 236956.0 242403.0 242611 383 24720981
170 238961.0 242403.0 242611 383 24851694
171 239157.0 242403.0 242611 383 24980723
172 237619.0 242403.0 242611 383 25128688
173 236964.0 242403.0 242611 383 25275910
174 239702.0 242403.0 242611 383 25425920
175 237284.0 242403.0 242611 383 25563852
176 236283.0 242403.0 242611 383 25697705
177 235441.0 242403.0 242611 383 25831601
178 238156.0 242403.0 242611 383 25962333
179 238179.0 242403.0 242611 383 26096266
180 239265.0 242403.0 242611 383 26225835
181 237539.0 242403.0 242611 383 26369774
182 241152.0 242403.0 242611 383 26510502
183 236633.0 242403.0 242611 383 26662682
184 237757.0 242403.0 242611 383 26814198
185 236072.0 242403.0 242611 383 26950446
186 239919.0 242403.0 242611 383 27083036
187 238036.0 242403.0 242611 383 27221749
188 236726.0 242403.0 242611 383 27354604
189 235215.0 242403.0 242611 383 27494357
190 241816.0 242403.0 242611 383 27639137
191 239574.0 242403.0 242611 383 27776972
192 242742.0 242742.0 243114 386 27918514
193 239583.0 242742.0 243114 386 28051384
194 236655.0 242742.0 243114 386 28186028
195 240272.0 242742.0 243114 386 28315449
196 239877.0 242742.0 243114 386 28458593
197 238602.0 242742.0 243114 386 28595289
198 241862.0 242742.0 243114 386 28727899
199 237958.0 242742.0 243114 386 28875734
200 237556.0 242742.0 243114 386 29018907
number of contigs : 386
Output file created
RUN 4
-------------
Generated Seeded Population
Generated Diverse Population
0 189978.0 189978.0 190351
1 195314.0 195314.0 195641 432 84569
2 200409.0 200409.0 200743 424 268657
3 202788.0 202788.0 203000 419 473417
4 201031.0 202788.0 203000 419 669639
5 208101.0 208101.0 208285 411 833535
6 205374.0 208101.0 208285 411 1022514
7 203600.0 208101.0 208285 411 1204420
8 204506.0 208101.0 208285 411 1372246
9 203862.0 208101.0 208285 411 1547132
10 210216.0 210216.0 210403 406 1758659
11 206185.0 210216.0 210403 406 1916383
12 207311.0 210216.0 210403 406 2072355
13 213519.0 213519.0 213901 401 2237930
14 208607.0 213519.0 213901 401 2398244
15 215542.0 215542.0 215754 400 2550157
16 211782.0 215542.0 215754 400 2703586
17 219873.0 219873.0 220232 387 2855716
18 216776.0 219873.0 220232 387 3007293
19 216045.0 219873.0 220232 387 3178155
20 216224.0 219873.0 220232 387 3326479
21 219697.0 219873.0 220232 387 3489931
22 217607.0 219873.0 220232 387 3630153
23 218312.0 219873.0 220232 387 3768431
24 219343.0 219873.0 220232 387 3909876
25 222112.0 222112.0 222288 389 4047178
26 219479.0 222112.0 222288 389 4194882
27 220496.0 222112.0 222288 389 4345797
28 220449.0 222112.0 222288 389 4514102
29 219352.0 222112.0 222288 389 4668897
30 221521.0 222112.0 222288 389 4826894
31 221519.0 222112.0 222288 389 4960376
32 223215.0 223215.0 223435 397 5097544
33 224525.0 224525.0 224726 391 5236474
34 224987.0 224987.0 225205 391 5372543
35 224440.0 224987.0 225205 391 5504634
36 224354.0 224987.0 225205 391 5637804
37 223096.0 224987.0 225205 391 5804569
38 221037.0 224987.0 225205 391 5950405
39 226703.0 226703.0 226930 392 6105263
40 227160.0 227160.0 227344 398 6255715
41 223517.0 227160.0 227344 398 6391106
42 224958.0 227160.0 227344 398 6525501
43 229050.0 229050.0 229345 381 6669212
44 225276.0 229050.0 229345 381 6810344
45 226001.0 229050.0 229345 381 6949880
46 229216.0 229216.0 229404 387 7088730
47 228155.0 229216.0 229404 387 7223898
48 226601.0 229216.0 229404 387 7362346
49 227990.0 229216.0 229404 387 7526708
50 227246.0 229216.0 229404 387 7659480
51 227748.0 229216.0 229404 387 7808932
52 225236.0 229216.0 229404 387 7944944
53 230075.0 230075.0 230246 383 8094060
54 229729.0 230075.0 230246 383 8244298
55 233502.0 233502.0 233690 380 8388371
56 228397.0 233502.0 233690 380 8522675
57 229783.0 233502.0 233690 380 8658581
58 228897.0 233502.0 233690 380 8801200
59 230909.0 233502.0 233690 380 8958931
60 226575.0 233502.0 233690 380 9119703
61 227556.0 233502.0 233690 380 9252354
62 225608.0 233502.0 233690 380 9396236
63 230857.0 233502.0 233690 380 9528093
64 236152.0 236152.0 236347 385 9660467
65 231192.0 236152.0 236347 385 9796774
66 229523.0 236152.0 236347 385 9951727
67 227057.0 236152.0 236347 385 10083610
68 231565.0 236152.0 236347 385 10214193
69 233612.0 236152.0 236347 385 10383343
70 231015.0 236152.0 236347 385 10548781
71 229074.0 236152.0 236347 385 10695505
72 233548.0 236152.0 236347 385 10832195
73 228982.0 236152.0 236347 385 10975130
74 228837.0 236152.0 236347 385 11105527
75 229586.0 236152.0 236347 385 11269020
76 228059.0 236152.0 236347 385 11423019
77 228445.0 236152.0 236347 385 11558340
78 230841.0 236152.0 236347 385 11711783
79 232307.0 236152.0 236347 385 11847429
80 230918.0 236152.0 236347 385 11986472
81 232382.0 236152.0 236347 385 12128074
82 229809.0 236152.0 236347 385 12256708
83 229573.0 236152.0 236347 385 12394516
84 231051.0 236152.0 236347 385 12523977
85 234114.0 236152.0 236347 385 12656489
86 232047.0 236152.0 236347 385 12785128
87 230744.0 236152.0 236347 385 12927227
88 229593.0 236152.0 236347 385 13057855
89 230157.0 236152.0 236347 385 13188367
90 228944.0 236152.0 236347 385 13320938
91 229508.0 236152.0 236347 385 13460797
92 229283.0 236152.0 236347 385 13594040
93 230589.0 236152.0 236347 385 13723725
94 234701.0 236152.0 236347 385 13852861
95 232153.0 236152.0 236347 385 13982121
96 232733.0 236152.0 236347 385 14126826
97 233934.0 236152.0 236347 385 14259993
98 232313.0 236152.0 236347 385 14399845
99 232511.0 236152.0 236347 385 14533022
100 232237.0 236152.0 236347 385 14663490
101 235385.0 236152.0 236347 385 14794303
102 233257.0 236152.0 236347 385 14922661
103 233530.0 236152.0 236347 385 15053707
104 229571.0 236152.0 236347 385 15190015
105 232046.0 236152.0 236347 385 15322918
106 236737.0 236737.0 236924 385 15452157
107 233057.0 236737.0 236924 385 15583430
108 233366.0 236737.0 236924 385 15723731
109 235664.0 236737.0 236924 385 15877116
110 231440.0 236737.0 236924 385 16018702
111 234048.0 236737.0 236924 385 16173533
112 234048.0 236737.0 236924 385 16323671
113 231499.0 236737.0 236924 385 16476339
114 234974.0 236737.0 236924 385 16629486
115 233381.0 236737.0 236924 385 16779973
116 232628.0 236737.0 236924 385 16927462
117 233149.0 236737.0 236924 385 17066004
118 233935.0 236737.0 236924 385 17222274
119 231232.0 236737.0 236924 385 17349656
120 233989.0 236737.0 236924 385 17481314
121 235016.0 236737.0 236924 385 17628880
122 238110.0 238110.0 238284 380 17761803
123 230887.0 238110.0 238284 380 17893874
124 235248.0 238110.0 238284 380 18022964
125 232344.0 238110.0 238284 380 18182858
126 234239.0 238110.0 238284 380 18317443
127 232707.0 238110.0 238284 380 18446638
128 232851.0 238110.0 238284 380 18577915
129 234739.0 238110.0 238284 380 18723622
130 232038.0 238110.0 238284 380 18864512
131 232568.0 238110.0 238284 380 18994766
132 235093.0 238110.0 238284 380 19143614
133 237634.0 238110.0 238284 380 19276718
134 234381.0 238110.0 238284 380 19408764
135 237341.0 238110.0 238284 380 19542565
136 233362.0 238110.0 238284 380 19679541
137 236360.0 238110.0 238284 380 19808353
138 233288.0 238110.0 238284 380 19940994
139 234016.0 238110.0 238284 380 20077214
140 233373.0 238110.0 238284 380 20213629
141 232370.0 238110.0 238284 380 20360842
142 234742.0 238110.0 238284 380 20506595
143 238444.0 238444.0 238645 381 20638601
144 233421.0 238444.0 238645 381 20767736
145 232791.0 238444.0 238645 381 20897449
146 235450.0 238444.0 238645 381 21032322
147 233290.0 238444.0 238645 381 21177781
148 234709.0 238444.0 238645 381 21314247
149 233837.0 238444.0 238645 381 21464454
150 234888.0 238444.0 238645 381 21600414
151 234503.0 238444.0 238645 381 21730923
152 231706.0 238444.0 238645 381 21869206
153 235982.0 238444.0 238645 381 22000802
154 232850.0 238444.0 238645 381 22151839
155 233528.0 238444.0 238645 381 22284380
156 233634.0 238444.0 238645 381 22431509
157 232899.0 238444.0 238645 381 22561242
158 234650.0 238444.0 238645 381 22692539
159 233586.0 238444.0 238645 381 22843118
160 232441.0 238444.0 238645 381 22978410
161 239018.0 239018.0 239344 380 23108064
162 239176.0 239176.0 239327 380 23236443
163 234553.0 239176.0 239327 380 23372681
164 233093.0 239176.0 239327 380 23501119
165 235772.0 239176.0 239327 380 23648574
166 234629.0 239176.0 239327 380 23790299
167 233191.0 239176.0 239327 380 23924804
168 236894.0 239176.0 239327 380 24064748
169 234151.0 239176.0 239327 380 24195041
170 234380.0 239176.0 239327 380 24325249
171 233806.0 239176.0 239327 380 24468527
172 235530.0 239176.0 239327 380 24601038
173 235906.0 239176.0 239327 380 24733086
174 235364.0 239176.0 239327 380 24860375
175 237106.0 239176.0 239327 380 25005039
176 232733.0 239176.0 239327 380 25134495
177 234131.0 239176.0 239327 380 25268135
178 234555.0 239176.0 239327 380 25395882
179 234060.0 239176.0 239327 380 25523683
180 234817.0 239176.0 239327 380 25651674
181 238318.0 239176.0 239327 380 25778883
182 238371.0 239176.0 239327 380 25906590
183 234911.0 239176.0 239327 380 26042714
184 234573.0 239176.0 239327 380 26171321
185 233532.0 239176.0 239327 380 26300010
186 235597.0 239176.0 239327 380 26428522
187 234588.0 239176.0 239327 380 26587389
188 238329.0 239176.0 239327 380 26725826
189 236978.0 239176.0 239327 380 26873497
190 234518.0 239176.0 239327 380 27001800
191 234370.0 239176.0 239327 380 27172369
192 234507.0 239176.0 239327 380 27302939
193 234987.0 239176.0 239327 380 27432145
194 237990.0 239176.0 239327 380 27565525
195 234382.0 239176.0 239327 380 27707199
196 235262.0 239176.0 239327 380 27846853
197 234004.0 239176.0 239327 380 27990366
198 238034.0 239176.0 239327 380 28123511
199 235607.0 239176.0 239327 380 28262134
200 237583.0 239176.0 239327 380 28398952
number of contigs : 380
Output file created
RUN 5
-------------
Generated Seeded Population
Generated Diverse Population
0 187989.0 187989.0 188237
1 195206.0 195206.0 195507 433 79210
2 196650.0 196650.0 196865 428 266981
3 200874.0 200874.0 201107 422 429728
4 201921.0 201921.0 202125 418 597565
5 199684.0 201921.0 202125 418 764535
6 204859.0 204859.0 205059 407 924771
7 204420.0 204859.0 205059 407 1081615
8 206842.0 206842.0 207013 414 1238155
9 206818.0 206842.0 207013 414 1393073
10 207669.0 207669.0 207868 415 1548373
11 206847.0 207669.0 207868 415 1726477
12 209890.0 209890.0 210083 417 1889966
13 208012.0 209890.0 210083 417 2043946
14 215593.0 215593.0 215765 399 2205711
15 213260.0 215593.0 215765 399 2371941
16 209742.0 215593.0 215765 399 2552852
17 214251.0 215593.0 215765 399 2710180
18 215101.0 215593.0 215765 399 2852139
19 215240.0 215593.0 215765 399 2991055
20 216615.0 216615.0 216787 401 3140715
21 218177.0 218177.0 218467 397 3283089
22 217964.0 218177.0 218467 397 3447143
23 221776.0 221776.0 222165 398 3585331
24 217912.0 221776.0 222165 398 3722907
25 219913.0 221776.0 222165 398 3859638
26 219160.0 221776.0 222165 398 4010831
27 219959.0 221776.0 222165 398 4146188
28 223048.0 223048.0 223235 402 4286316
29 223108.0 223108.0 223301 397 4427394
30 224975.0 224975.0 225153 395 4563363
31 228879.0 228879.0 229080 389 4715467
32 226365.0 228879.0 229080 389 4858426
33 226099.0 228879.0 229080 389 4999894
34 226887.0 228879.0 229080 389 5149303
35 225139.0 228879.0 229080 389 5296795
36 225685.0 228879.0 229080 389 5443353
37 225839.0 228879.0 229080 389 5598897
38 226618.0 228879.0 229080 389 5740863
39 231669.0 231669.0 232029 389 5874612
40 226568.0 231669.0 232029 389 6015382
41 227542.0 231669.0 232029 389 6149093
42 229120.0 231669.0 232029 389 6281554
43 227513.0 231669.0 232029 389 6473183
44 226924.0 231669.0 232029 389 6632873
45 228537.0 231669.0 232029 389 6780088
46 230108.0 231669.0 232029 389 6913237
47 230479.0 231669.0 232029 389 7061249
48 227979.0 231669.0 232029 389 7256116
49 227564.0 231669.0 232029 389 7400846
50 229902.0 231669.0 232029 389 7538271
51 228576.0 231669.0 232029 389 7668737
52 234010.0 234010.0 234181 390 7799148
53 229595.0 234010.0 234181 390 7928823
54 237055.0 237055.0 237349 384 8058223
55 227975.0 237055.0 237349 384 8186884
56 233866.0 237055.0 237349 384 8315636
57 234020.0 237055.0 237349 384 8444185
58 232181.0 237055.0 237349 384 8572280
59 240276.0 240276.0 240447 383 8717173
60 234091.0 240276.0 240447 383 8845862
61 232603.0 240276.0 240447 383 8974659
62 234172.0 240276.0 240447 383 9103028
63 232960.0 240276.0 240447 383 9232581
64 237045.0 240276.0 240447 383 9360023
65 231601.0 240276.0 240447 383 9487831
66 230776.0 240276.0 240447 383 9622157
67 235872.0 240276.0 240447 383 9750913
68 239695.0 240276.0 240447 383 9878592
69 235064.0 240276.0 240447 383 10028312
70 234003.0 240276.0 240447 383 10164478
71 235104.0 240276.0 240447 383 10316496
72 234539.0 240276.0 240447 383 10475257
73 233357.0 240276.0 240447 383 10602916
74 233287.0 240276.0 240447 383 10730543
75 232638.0 240276.0 240447 383 10919519
76 234525.0 240276.0 240447 383 11059844
77 233960.0 240276.0 240447 383 11193521
78 234877.0 240276.0 240447 383 11322723
79 233541.0 240276.0 240447 383 11449626
80 238174.0 240276.0 240447 383 11579772
81 233078.0 240276.0 240447 383 11733899
82 236138.0 240276.0 240447 383 11865520
83 235947.0 240276.0 240447 383 11998467
84 234289.0 240276.0 240447 383 12139185
85 234905.0 240276.0 240447 383 12272159
86 236058.0 240276.0 240447 383 12422835
87 234583.0 240276.0 240447 383 12554979
88 234075.0 240276.0 240447 383 12682719
89 235779.0 240276.0 240447 383 12817260
90 237230.0 240276.0 240447 383 12945401
91 234592.0 240276.0 240447 383 13072708
92 235872.0 240276.0 240447 383 13199567
93 233779.0 240276.0 240447 383 13330805
94 235163.0 240276.0 240447 383 13477214
95 234903.0 240276.0 240447 383 13610775
96 234566.0 240276.0 240447 383 13749116
97 235499.0 240276.0 240447 383 13877108
98 235915.0 240276.0 240447 383 14007969
99 237330.0 240276.0 240447 383 14139305
100 236251.0 240276.0 240447 383 14268795
101 236802.0 240276.0 240447 383 14459851
102 233573.0 240276.0 240447 383 14596002
103 234086.0 240276.0 240447 383 14722773
104 234622.0 240276.0 240447 383 14849384
105 236522.0 240276.0 240447 383 14983149
106 236276.0 240276.0 240447 383 15111314
107 240005.0 240276.0 240447 383 15242382
108 232107.0 240276.0 240447 383 15371395
109 238644.0 240276.0 240447 383 15509615
110 233806.0 240276.0 240447 383 15635997
111 235408.0 240276.0 240447 383 15763405
112 233820.0 240276.0 240447 383 15890289
113 235317.0 240276.0 240447 383 16016639
114 233572.0 240276.0 240447 383 16154572
115 233848.0 240276.0 240447 383 16299590
116 235971.0 240276.0 240447 383 16426628
117 236034.0 240276.0 240447 383 16557819
118 234597.0 240276.0 240447 383 16685229
119 234565.0 240276.0 240447 383 16812038
120 235820.0 240276.0 240447 383 16946348
121 236472.0 240276.0 240447 383 17073658
122 236962.0 240276.0 240447 383 17200172
123 236310.0 240276.0 240447 383 17326276
124 235249.0 240276.0 240447 383 17452747
125 237599.0 240276.0 240447 383 17587110
126 238463.0 240276.0 240447 383 17713690
127 236265.0 240276.0 240447 383 17839912
128 235325.0 240276.0 240447 383 17974326
129 235232.0 240276.0 240447 383 18112115
130 235491.0 240276.0 240447 383 18238172
131 238059.0 240276.0 240447 383 18365921
132 236515.0 240276.0 240447 383 18521422
133 236684.0 240276.0 240447 383 18652169
134 235033.0 240276.0 240447 383 18779130
135 238866.0 240276.0 240447 383 18907223
136 236741.0 240276.0 240447 383 19033790
137 235685.0 240276.0 240447 383 19159994
138 234004.0 240276.0 240447 383 19317983
139 238178.0 240276.0 240447 383 19445984
140 235963.0 240276.0 240447 383 19578404
141 234947.0 240276.0 240447 383 19712034
142 236642.0 240276.0 240447 383 19838287
143 236822.0 240276.0 240447 383 19979399
144 237746.0 240276.0 240447 383 20108587
145 234797.0 240276.0 240447 383 20240961
146 236379.0 240276.0 240447 383 20382705
147 234305.0 240276.0 240447 383 20510076
148 239007.0 240276.0 240447 383 20636652
149 234383.0 240276.0 240447 383 20763318
150 235316.0 240276.0 240447 383 20904343
151 237957.0 240276.0 240447 383 21030575
152 233741.0 240276.0 240447 383 21157196
153 236128.0 240276.0 240447 383 21283920
154 234404.0 240276.0 240447 383 21410852
155 236561.0 240276.0 240447 383 21582209
156 235566.0 240276.0 240447 383 21711957
157 237310.0 240276.0 240447 383 21838609
158 238512.0 240276.0 240447 383 21975577
159 243917.0 243917.0 244093 378 22104766
160 236956.0 243917.0 244093 378 22236863
161 236362.0 243917.0 244093 378 22371036
162 234231.0 243917.0 244093 378 22508046
163 234673.0 243917.0 244093 378 22644977
164 236026.0 243917.0 244093 378 22779363
165 238729.0 243917.0 244093 378 22905288
166 235885.0 243917.0 244093 378 23039297
167 234881.0 243917.0 244093 378 23175941
168 234640.0 243917.0 244093 378 23314204
169 235935.0 243917.0 244093 378 23446031
170 237134.0 243917.0 244093 378 23595464
171 234706.0 243917.0 244093 378 23734078
172 236060.0 243917.0 244093 378 23860610
173 234653.0 243917.0 244093 378 23986497
174 233359.0 243917.0 244093 378 24112874
175 237829.0 243917.0 244093 378 24239305
176 234152.0 243917.0 244093 378 24366129
177 236662.0 243917.0 244093 378 24534913
178 235731.0 243917.0 244093 378 24672265
179 235253.0 243917.0 244093 378 24800331
180 235063.0 243917.0 244093 378 24931157
181 234155.0 243917.0 244093 378 25068794
182 234144.0 243917.0 244093 378 25200680
183 236529.0 243917.0 244093 378 25330989
184 234282.0 243917.0 244093 378 25473083
185 238961.0 243917.0 244093 378 25605353
186 232689.0 243917.0 244093 378 25732587
187 235269.0 243917.0 244093 378 25859371
188 237608.0 243917.0 244093 378 25986369
189 236454.0 243917.0 244093 378 26113004
190 234916.0 243917.0 244093 378 26239869
191 236243.0 243917.0 244093 378 26376045
192 235519.0 243917.0 244093 378 26523519
193 235130.0 243917.0 244093 378 26655400
194 237893.0 243917.0 244093 378 26787555
195 237558.0 243917.0 244093 378 26914204
196 237811.0 243917.0 244093 378 27045765
197 236317.0 243917.0 244093 378 27175161
198 235573.0 243917.0 244093 378 27382087
199 234966.0 243917.0 244093 378 27543352
200 236154.0 243917.0 244093 378 27672511
number of contigs : 378
Output file created
RUN 6
-------------
Generated Seeded Population
Generated Diverse Population
0 189819.0 189819.0 190050
1 196255.0 196255.0 196452 428 79350
2 201295.0 201295.0 201477 420 330646
3 205523.0 205523.0 205720 411 495418
4 201407.0 205523.0 205720 411 655838
5 202727.0 205523.0 205720 411 815208
6 202857.0 205523.0 205720 411 974693
7 204082.0 205523.0 205720 411 1133786
8 202529.0 205523.0 205720 411 1291879
9 205563.0 205563.0 205766 418 1459205
10 204550.0 205563.0 205766 418 1627661
11 203604.0 205563.0 205766 418 1794245
12 205054.0 205563.0 205766 418 1963298
13 205946.0 205946.0 206147 416 2127898
14 209274.0 209274.0 209535 407 2297908
15 215005.0 215005.0 215376 409 2449872
16 213177.0 215005.0 215376 409 2597778
17 210668.0 215005.0 215376 409 2744447
18 212703.0 215005.0 215376 409 2888902
19 215023.0 215023.0 215400 401 3040475
20 217080.0 217080.0 217264 404 3194642
21 215738.0 217080.0 217264 404 3335444
22 216822.0 217080.0 217264 404 3483756
23 214946.0 217080.0 217264 404 3623160
24 216657.0 217080.0 217264 404 3762326
25 219456.0 219456.0 219654 403 3900265
26 219810.0 219810.0 219994 399 4045714
27 221042.0 221042.0 221227 400 4185407
28 222255.0 222255.0 222455 394 4342967
29 220658.0 222255.0 222455 394 4480450
30 220786.0 222255.0 222455 394 4623271
31 220661.0 222255.0 222455 394 4770833
32 224728.0 224728.0 224917 397 4907736
33 231681.0 231681.0 232011 386 5042582
34 223764.0 231681.0 232011 386 5177997
35 229798.0 231681.0 232011 386 5312938
36 226378.0 231681.0 232011 386 5448176
37 227339.0 231681.0 232011 386 5582419
38 224894.0 231681.0 232011 386 5716409
39 227161.0 231681.0 232011 386 5850656
40 230581.0 231681.0 232011 386 5983782
41 227908.0 231681.0 232011 386 6116736
42 228284.0 231681.0 232011 386 6304734
43 232134.0 232134.0 232291 388 6479650
44 232055.0 232134.0 232291 388 6611225
45 234174.0 234174.0 234353 386 6745766
46 229672.0 234174.0 234353 386 6875957
47 230348.0 234174.0 234353 386 7011423
48 230915.0 234174.0 234353 386 7142762
49 229768.0 234174.0 234353 386 7273233
50 230277.0 234174.0 234353 386 7402813
51 232893.0 234174.0 234353 386 7551767
52 232914.0 234174.0 234353 386 7686534
53 231488.0 234174.0 234353 386 7818836
54 231730.0 234174.0 234353 386 7950177
55 231808.0 234174.0 234353 386 8079400
56 233696.0 234174.0 234353 386 8244039
57 235641.0 235641.0 235827 380 8375402
58 229901.0 235641.0 235827 380 8504679
59 231617.0 235641.0 235827 380 8634145
60 233062.0 235641.0 235827 380 8763016
61 239086.0 239086.0 239267 376 8891366
62 232757.0 239086.0 239267 376 9020910
63 231586.0 239086.0 239267 376 9149979
64 232885.0 239086.0 239267 376 9279328
65 234610.0 239086.0 239267 376 9407393
66 233847.0 239086.0 239267 376 9536658
67 232837.0 239086.0 239267 376 9664915
68 231321.0 239086.0 239267 376 9793269
69 232721.0 239086.0 239267 376 9921817
70 235219.0 239086.0 239267 376 10050417
71 231024.0 239086.0 239267 376 10179639
72 232590.0 239086.0 239267 376 10308306
73 230654.0 239086.0 239267 376 10436993
74 232898.0 239086.0 239267 376 10565759
75 235183.0 239086.0 239267 376 10694127
76 235766.0 239086.0 239267 376 10825269
77 232396.0 239086.0 239267 376 10956697
78 230769.0 239086.0 239267 376 11085033
79 234839.0 239086.0 239267 376 11213801
80 233722.0 239086.0 239267 376 11342768
81 232446.0 239086.0 239267 376 11484702
82 241144.0 241144.0 241287 376 11613440
83 233158.0 241144.0 241287 376 11741765
84 235035.0 241144.0 241287 376 11875750
85 233417.0 241144.0 241287 376 12022754
86 233474.0 241144.0 241287 376 12156241
87 235035.0 241144.0 241287 376 12285744
88 238280.0 241144.0 241287 376 12430062
89 238234.0 241144.0 241287 376 12560928
90 237261.0 241144.0 241287 376 12689517
91 233675.0 241144.0 241287 376 12818389
92 235826.0 241144.0 241287 376 12946927
93 232874.0 241144.0 241287 376 13075525
94 234272.0 241144.0 241287 376 13203219
95 233377.0 241144.0 241287 376 13331940
96 235525.0 241144.0 241287 376 13461115
97 233946.0 241144.0 241287 376 13593621
98 232358.0 241144.0 241287 376 13722077
99 232126.0 241144.0 241287 376 13850210
100 232802.0 241144.0 241287 376 13978503
101 235406.0 241144.0 241287 376 14106603
102 238346.0 241144.0 241287 376 14234643
103 233432.0 241144.0 241287 376 14362569
104 234260.0 241144.0 241287 376 14492009
105 235250.0 241144.0 241287 376 14621904
106 233060.0 241144.0 241287 376 14749906
107 238483.0 241144.0 241287 376 14877838
108 236073.0 241144.0 241287 376 15005209
109 234937.0 241144.0 241287 376 15145502
110 237462.0 241144.0 241287 376 15273651
111 235749.0 241144.0 241287 376 15405181
112 237727.0 241144.0 241287 376 15536823
113 240283.0 241144.0 241287 376 15675288
114 234484.0 241144.0 241287 376 15814714
115 234571.0 241144.0 241287 376 15945332
116 235781.0 241144.0 241287 376 16075802
117 235468.0 241144.0 241287 376 16204934
118 238014.0 241144.0 241287 376 16332621
119 234231.0 241144.0 241287 376 16460116
120 238560.0 241144.0 241287 376 16597634
121 233742.0 241144.0 241287 376 16725726
122 234534.0 241144.0 241287 376 16861537
123 234210.0 241144.0 241287 376 16993838
124 234988.0 241144.0 241287 376 17122078
125 236605.0 241144.0 241287 376 17254494
126 235681.0 241144.0 241287 376 17387254
127 240460.0 241144.0 241287 376 17515539
128 236424.0 241144.0 241287 376 17644103
129 239136.0 241144.0 241287 376 17791555
130 238215.0 241144.0 241287 376 17928994
131 241223.0 241223.0 241388 382 18057368
132 235881.0 241223.0 241388 382 18186109
133 236724.0 241223.0 241388 382 18323727
134 238302.0 241223.0 241388 382 18458494
135 241347.0 241347.0 241515 379 18586839
136 233176.0 241347.0 241515 379 18738811
137 237008.0 241347.0 241515 379 18867995
138 237427.0 241347.0 241515 379 19026429
139 236980.0 241347.0 241515 379 19157441
140 237314.0 241347.0 241515 379 19290638
141 234785.0 241347.0 241515 379 19426579
142 235700.0 241347.0 241515 379 19556928
143 239693.0 241347.0 241515 379 19684700
144 234208.0 241347.0 241515 379 19812379
145 233226.0 241347.0 241515 379 19941328
146 236593.0 241347.0 241515 379 20093911
147 236295.0 241347.0 241515 379 20226827
148 234415.0 241347.0 241515 379 20354715
149 234378.0 241347.0 241515 379 20496130
150 235467.0 241347.0 241515 379 20624350
151 238037.0 241347.0 241515 379 20752621
152 235808.0 241347.0 241515 379 20881004
153 235006.0 241347.0 241515 379 21013445
154 236064.0 241347.0 241515 379 21163104
155 234630.0 241347.0 241515 379 21292170
156 235381.0 241347.0 241515 379 21422596
157 234258.0 241347.0 241515 379 21551048
158 234428.0 241347.0 241515 379 21678897
159 237772.0 241347.0 241515 379 21864271
160 240719.0 241347.0 241515 379 22036646
161 233181.0 241347.0 241515 379 22165697
162 239723.0 241347.0 241515 379 22293912
163 238983.0 241347.0 241515 379 22421938
164 241209.0 241347.0 241515 379 22549811
165 236557.0 241347.0 241515 379 22698838
166 233704.0 241347.0 241515 379 22832704
167 239849.0 241347.0 241515 379 22987675
168 238584.0 241347.0 241515 379 23128050
169 235660.0 241347.0 241515 379 23283712
170 236529.0 241347.0 241515 379 23452760
171 237329.0 241347.0 241515 379 23594926
172 236016.0 241347.0 241515 379 23722827
173 237725.0 241347.0 241515 379 23850460
174 236838.0 241347.0 241515 379 23977708
175 236984.0 241347.0 241515 379 24177260
176 236648.0 241347.0 241515 379 24336682
177 237059.0 241347.0 241515 379 24473119
178 237517.0 241347.0 241515 379 24600621
179 235493.0 241347.0 241515 379 24728721
180 238723.0 241347.0 241515 379 24859289
181 239349.0 241347.0 241515 379 25015550
182 237396.0 241347.0 241515 379 25145356
183 237147.0 241347.0 241515 379 25272861
184 237740.0 241347.0 241515 379 25401930
185 235144.0 241347.0 241515 379 25529884
186 236477.0 241347.0 241515 379 25657698
187 235971.0 241347.0 241515 379 25794017
188 235254.0 241347.0 241515 379 25921952
189 237391.0 241347.0 241515 379 26050189
190 235587.0 241347.0 241515 379 26177939
191 235737.0 241347.0 241515 379 26305282
192 239592.0 241347.0 241515 379 26433004
193 237516.0 241347.0 241515 379 26596274
194 239956.0 241347.0 241515 379 26730346
195 238797.0 241347.0 241515 379 26858134
196 236923.0 241347.0 241515 379 26986127
197 235279.0 241347.0 241515 379 27113631
198 237632.0 241347.0 241515 379 27265605
199 234999.0 241347.0 241515 379 27427252
200 236983.0 241347.0 241515 379 27572399
number of contigs : 379
Output file created
RUN 7
-------------
Generated Seeded Population
Generated Diverse Population
0 191576.0 191576.0 191958
1 196526.0 196526.0 196750 435 79998
2 199827.0 199827.0 200130 423 252685
3 203705.0 203705.0 203902 417 421465
4 203841.0 203841.0 204035 418 582706
5 205892.0 205892.0 206106 415 743199
6 203781.0 205892.0 206106 415 903438
7 203351.0 205892.0 206106 415 1173580
8 204955.0 205892.0 206106 415 1346219
9 212194.0 212194.0 212398 407 1505003
10 212251.0 212251.0 212480 410 1681096
11 206914.0 212251.0 212480 410 1838793
12 211190.0 212251.0 212480 410 2031271
13 214852.0 214852.0 215041 413 2195901
14 212304.0 214852.0 215041 413 2338378
15 217809.0 217809.0 218022 398 2487851
16 215554.0 217809.0 218022 398 2629125
17 218515.0 218515.0 218689 400 2769425
18 219370.0 219370.0 219553 397 2937130
19 220111.0 220111.0 220351 406 3094650
20 221614.0 221614.0 221770 404 3236411
21 225012.0 225012.0 225206 397 3373327
22 221452.0 225012.0 225206 397 3535030
23 220504.0 225012.0 225206 397 3678906
24 220798.0 225012.0 225206 397 3815674
25 222422.0 225012.0 225206 397 3952825
26 220482.0 225012.0 225206 397 4092585
27 220267.0 225012.0 225206 397 4230359
28 224564.0 225012.0 225206 397 4408021
29 225757.0 225757.0 226077 395 4549019
30 224098.0 225757.0 226077 395 4683541
31 223416.0 225757.0 226077 395 4828280
32 223907.0 225757.0 226077 395 4971149
33 230128.0 230128.0 230425 398 5121008
34 226692.0 230128.0 230425 398 5261177
35 233391.0 233391.0 233580 386 5394838
36 229188.0 233391.0 233580 386 5528357
37 224218.0 233391.0 233580 386 5705482
38 226550.0 233391.0 233580 386 5876551
39 230387.0 233391.0 233580 386 6028814
40 232492.0 233391.0 233580 386 6166195
41 228388.0 233391.0 233580 386 6299504
42 227729.0 233391.0 233580 386 6433433
43 230362.0 233391.0 233580 386 6569037
44 228062.0 233391.0 233580 386 6701091
45 229560.0 233391.0 233580 386 6833814
46 228236.0 233391.0 233580 386 6997422
47 229334.0 233391.0 233580 386 7140896
48 230203.0 233391.0 233580 386 7277619
49 229555.0 233391.0 233580 386 7431020
50 229517.0 233391.0 233580 386 7570186
51 232700.0 233391.0 233580 386 7704431
52 229062.0 233391.0 233580 386 7839242
53 228802.0 233391.0 233580 386 7972194
54 233446.0 233446.0 233630 383 8145500
55 229688.0 233446.0 233630 383 8285481
56 231663.0 233446.0 233630 383 8424373
57 229555.0 233446.0 233630 383 8559452
58 230706.0 233446.0 233630 383 8696223
59 231390.0 233446.0 233630 383 8835830
60 231621.0 233446.0 233630 383 8968856
61 233733.0 233733.0 233928 384 9098845
62 230646.0 233733.0 233928 384 9229127
63 234477.0 234477.0 234750 379 9360734
64 233416.0 234477.0 234750 379 9505204
65 233393.0 234477.0 234750 379 9635458
66 232332.0 234477.0 234750 379 9765461
67 231830.0 234477.0 234750 379 9904075
68 233049.0 234477.0 234750 379 10034318
69 235700.0 235700.0 235877 380 10164093
70 234403.0 235700.0 235877 380 10306578
71 234717.0 235700.0 235877 380 10437152
72 232463.0 235700.0 235877 380 10572219
73 235882.0 235882.0 236080 393 10701442
74 233262.0 235882.0 236080 393 10830758
75 234330.0 235882.0 236080 393 10989130
76 237931.0 237931.0 238122 388 11125310
77 234261.0 237931.0 238122 388 11308903
78 233788.0 237931.0 238122 388 11443866
79 233179.0 237931.0 238122 388 11578955
80 234389.0 237931.0 238122 388 11711833
81 232833.0 237931.0 238122 388 11847126
82 234016.0 237931.0 238122 388 11978217
83 234827.0 237931.0 238122 388 12142937
84 236214.0 237931.0 238122 388 12274759
85 234824.0 237931.0 238122 388 12404217
86 234270.0 237931.0 238122 388 12533180
87 233522.0 237931.0 238122 388 12662161
88 234002.0 237931.0 238122 388 12791538
89 233999.0 237931.0 238122 388 12920950
90 231643.0 237931.0 238122 388 13050207
91 232082.0 237931.0 238122 388 13179408
92 234534.0 237931.0 238122 388 13310046
93 235460.0 237931.0 238122 388 13439035
94 236795.0 237931.0 238122 388 13568016
95 234002.0 237931.0 238122 388 13696584
96 234095.0 237931.0 238122 388 13840664
97 236882.0 237931.0 238122 388 13969487
98 234550.0 237931.0 238122 388 14122681
99 233893.0 237931.0 238122 388 14263859
100 235594.0 237931.0 238122 388 14394197
101 237497.0 237931.0 238122 388 14529357
102 233433.0 237931.0 238122 388 14659782
103 233715.0 237931.0 238122 388 14792903
104 235134.0 237931.0 238122 388 14922269
105 237392.0 237931.0 238122 388 15051423
106 239364.0 239364.0 239542 382 15196021
107 233492.0 239364.0 239542 382 15336419
108 235367.0 239364.0 239542 382 15468316
109 236826.0 239364.0 239542 382 15607409
110 238314.0 239364.0 239542 382 15767568
111 235921.0 239364.0 239542 382 15920067
112 236628.0 239364.0 239542 382 16049024
113 233411.0 239364.0 239542 382 16176693
114 237640.0 239364.0 239542 382 16304341
115 236577.0 239364.0 239542 382 16431970
116 234012.0 239364.0 239542 382 16559614
117 236768.0 239364.0 239542 382 16687732
118 234715.0 239364.0 239542 382 16815796
119 236037.0 239364.0 239542 382 16944028
120 238239.0 239364.0 239542 382 17071506
121 237302.0 239364.0 239542 382 17206600
122 239107.0 239364.0 239542 382 17334462
123 241021.0 241021.0 241427 379 17462214
124 236145.0 241021.0 241427 379 17589479
125 234452.0 241021.0 241427 379 17726410
126 237127.0 241021.0 241427 379 17854617
127 238220.0 241021.0 241427 379 17982278
128 235960.0 241021.0 241427 379 18110512
129 234328.0 241021.0 241427 379 18238107
130 236336.0 241021.0 241427 379 18365786
131 235426.0 241021.0 241427 379 18493146
132 236286.0 241021.0 241427 379 18620992
133 236487.0 241021.0 241427 379 18748299
134 233266.0 241021.0 241427 379 18875942
135 236065.0 241021.0 241427 379 19003729
136 236402.0 241021.0 241427 379 19136615
137 238488.0 241021.0 241427 379 19269281
138 237659.0 241021.0 241427 379 19402229
139 235122.0 241021.0 241427 379 19529252
140 235917.0 241021.0 241427 379 19656486
141 238292.0 241021.0 241427 379 19784055
142 237564.0 241021.0 241427 379 19911508
143 233240.0 241021.0 241427 379 20039462
144 237621.0 241021.0 241427 379 20167645
145 238169.0 241021.0 241427 379 20295416
146 236373.0 241021.0 241427 379 20422978
147 237083.0 241021.0 241427 379 20550704
148 235008.0 241021.0 241427 379 20678608
149 235572.0 241021.0 241427 379 20806253
150 237880.0 241021.0 241427 379 20933413
151 234754.0 241021.0 241427 379 21060523
152 235730.0 241021.0 241427 379 21187507
153 234165.0 241021.0 241427 379 21315562
154 235460.0 241021.0 241427 379 21442711
155 236412.0 241021.0 241427 379 21570111
156 236862.0 241021.0 241427 379 21697390
157 236492.0 241021.0 241427 379 21824589
158 234433.0 241021.0 241427 379 21951726
159 238418.0 241021.0 241427 379 22078435
160 235428.0 241021.0 241427 379 22207892
161 238947.0 241021.0 241427 379 22335179
162 235714.0 241021.0 241427 379 22462428
163 238870.0 241021.0 241427 379 22591053
164 234914.0 241021.0 241427 379 22727535
165 237450.0 241021.0 241427 379 22856535
166 236996.0 241021.0 241427 379 22983890
167 237530.0 241021.0 241427 379 23111601
168 235953.0 241021.0 241427 379 23238663
169 237332.0 241021.0 241427 379 23365750
170 233909.0 241021.0 241427 379 23493058
171 236711.0 241021.0 241427 379 23620602
172 235135.0 241021.0 241427 379 23747963
173 235161.0 241021.0 241427 379 23875491
174 240139.0 241021.0 241427 379 24002246
175 236165.0 241021.0 241427 379 24129483
176 235579.0 241021.0 241427 379 24256543
177 238666.0 241021.0 241427 379 24384115
178 234460.0 241021.0 241427 379 24511559
179 235123.0 241021.0 241427 379 24639011
180 235773.0 241021.0 241427 379 24766405
181 237013.0 241021.0 241427 379 24893761
182 239946.0 241021.0 241427 379 25024386
183 236970.0 241021.0 241427 379 25160369
184 236171.0 241021.0 241427 379 25291362
185 233890.0 241021.0 241427 379 25418428
186 237707.0 241021.0 241427 379 25545205
187 235989.0 241021.0 241427 379 25671844
188 235164.0 241021.0 241427 379 25798354
189 237125.0 241021.0 241427 379 25932288
190 237331.0 241021.0 241427 379 26061966
191 234969.0 241021.0 241427 379 26189506
192 237273.0 241021.0 241427 379 26316520
193 234221.0 241021.0 241427 379 26443939
194 237074.0 241021.0 241427 379 26571031
195 237805.0 241021.0 241427 379 26698053
196 237422.0 241021.0 241427 379 26824978
197 234514.0 241021.0 241427 379 26952096
198 235742.0 241021.0 241427 379 27086157
199 237831.0 241021.0 241427 379 27213923
200 237181.0 241021.0 241427 379 27348989
number of contigs : 379
Output file created
RUN 8
-------------
Generated Seeded Population
Generated Diverse Population
0 196435.0 196435.0 196752
1 197678.0 197678.0 197869 423 79099
2 201605.0 201605.0 201909 422 240687
3 204015.0 204015.0 204194 413 401458
4 206402.0 206402.0 206621 417 561200
5 202031.0 206402.0 206621 417 720237
6 203539.0 206402.0 206621 417 878723
7 203975.0 206402.0 206621 417 1036855
8 204916.0 206402.0 206621 417 1193980
9 206066.0 206402.0 206621 417 1349436
10 209038.0 209038.0 209243 412 1500724
11 212310.0 212310.0 212697 415 1649712
12 214838.0 214838.0 215359 413 1794277
13 217331.0 217331.0 217509 410 1935435
14 214769.0 217331.0 217509 410 2075662
15 215107.0 217331.0 217509 410 2215675
16 216469.0 217331.0 217509 410 2354997
17 217506.0 217506.0 217689 403 2494119
18 218946.0 218946.0 219141 407 2632346
19 219297.0 219297.0 219498 408 2769813
20 222040.0 222040.0 222238 404 2907023
21 220005.0 222040.0 222238 404 3044069
22 221583.0 222040.0 222238 404 3180837
23 220411.0 222040.0 222238 404 3316984
24 220332.0 222040.0 222238 404 3452748
25 222590.0 222590.0 222981 400 3589421
26 221898.0 222590.0 222981 400 3725434
27 225685.0 225685.0 225887 397 3860416
28 223835.0 225685.0 225887 397 3995241
29 223065.0 225685.0 225887 397 4130263
30 223738.0 225685.0 225887 397 4265017
31 225527.0 225685.0 225887 397 4400593
32 227274.0 227274.0 227447 394 4542489
33 225744.0 227274.0 227447 394 4676714
34 225179.0 227274.0 227447 394 4810530
35 227232.0 227274.0 227447 394 4944968
36 223735.0 227274.0 227447 394 5077761
37 224827.0 227274.0 227447 394 5209612
38 225988.0 227274.0 227447 394 5341387
39 229686.0 229686.0 229870 399 5473344
40 228632.0 229686.0 229870 399 5604840
41 226483.0 229686.0 229870 399 5736203
42 226647.0 229686.0 229870 399 5867164
43 227119.0 229686.0 229870 399 5998284
44 229102.0 229686.0 229870 399 6129977
45 230202.0 230202.0 230380 396 6261095
46 226889.0 230202.0 230380 396 6391895
47 228395.0 230202.0 230380 396 6522771
48 227599.0 230202.0 230380 396 6653595
49 226026.0 230202.0 230380 396 6784515
50 226706.0 230202.0 230380 396 6914797
51 226534.0 230202.0 230380 396 7045104
52 226565.0 230202.0 230380 396 7175275
53 231067.0 231067.0 231243 389 7305421
54 228252.0 231067.0 231243 389 7435971
55 228891.0 231067.0 231243 389 7566777
56 232282.0 232282.0 232636 393 7697942
57 236059.0 236059.0 236235 385 7828552
58 232279.0 236059.0 236235 385 7959412
59 230504.0 236059.0 236235 385 8089951
60 229692.0 236059.0 236235 385 8220149
61 228045.0 236059.0 236235 385 8350215
62 231731.0 236059.0 236235 385 8480002
63 233272.0 236059.0 236235 385 8609811
64 231627.0 236059.0 236235 385 8739562
65 229292.0 236059.0 236235 385 8869674
66 228699.0 236059.0 236235 385 8999829
67 229786.0 236059.0 236235 385 9129557
68 236009.0 236059.0 236235 385 9258985
69 233285.0 236059.0 236235 385 9389141
70 229610.0 236059.0 236235 385 9518837
71 232291.0 236059.0 236235 385 9648376
72 234152.0 236059.0 236235 385 9777858
73 231094.0 236059.0 236235 385 9907353
74 232867.0 236059.0 236235 385 10036660
75 230677.0 236059.0 236235 385 10165697
76 231856.0 236059.0 236235 385 10294905
77 232926.0 236059.0 236235 385 10424244
78 232570.0 236059.0 236235 385 10553178
79 233866.0 236059.0 236235 385 10682729
80 230741.0 236059.0 236235 385 10812217
81 236471.0 236471.0 236635 390 10941529
82 232939.0 236471.0 236635 390 11078611
83 232726.0 236471.0 236635 390 11209297
84 236207.0 236471.0 236635 390 11338308
85 231861.0 236471.0 236635 390 11467821
86 231579.0 236471.0 236635 390 11596706
87 232368.0 236471.0 236635 390 11725850
88 232023.0 236471.0 236635 390 11860777
89 234907.0 236471.0 236635 390 11993524
90 236889.0 236889.0 237065 388 12129885
91 235220.0 236889.0 237065 388 12261170
92 233345.0 236889.0 237065 388 12390080
93 235055.0 236889.0 237065 388 12518982
94 234234.0 236889.0 237065 388 12647901
95 234552.0 236889.0 237065 388 12777098
96 231904.0 236889.0 237065 388 12914413
97 235924.0 236889.0 237065 388 13043898
98 233139.0 236889.0 237065 388 13173315
99 232729.0 236889.0 237065 388 13302034
100 232950.0 236889.0 237065 388 13431176
101 232449.0 236889.0 237065 388 13560372
102 235071.0 236889.0 237065 388 13689426
103 236183.0 236889.0 237065 388 13817790
104 234776.0 236889.0 237065 388 13946645
105 234067.0 236889.0 237065 388 14075072
106 233070.0 236889.0 237065 388 14203706
107 232804.0 236889.0 237065 388 14331855
108 234480.0 236889.0 237065 388 14460243
109 233809.0 236889.0 237065 388 14589050
110 233174.0 236889.0 237065 388 14717795
111 233542.0 236889.0 237065 388 14846321
112 232810.0 236889.0 237065 388 14975287
113 235954.0 236889.0 237065 388 15103843
114 233162.0 236889.0 237065 388 15232614
115 234160.0 236889.0 237065 388 15361397
116 234717.0 236889.0 237065 388 15490147
117 234800.0 236889.0 237065 388 15618535
118 233288.0 236889.0 237065 388 15747954
119 233028.0 236889.0 237065 388 15877087
120 237542.0 237542.0 237855 385 16005472
121 233500.0 237542.0 237855 385 16133976
122 235875.0 237542.0 237855 385 16262665
123 232889.0 237542.0 237855 385 16390990
124 233132.0 237542.0 237855 385 16520616
125 234776.0 237542.0 237855 385 16653983
126 234756.0 237542.0 237855 385 16782880
127 232976.0 237542.0 237855 385 16911749
128 237756.0 237756.0 237938 394 17040358
129 232997.0 237756.0 237938 394 17168318
130 233121.0 237756.0 237938 394 17296846
131 238322.0 238322.0 238529 389 17424715
132 232824.0 238322.0 238529 389 17553389
133 233444.0 238322.0 238529 389 17681535
134 238937.0 238937.0 239128 384 17810192
135 234760.0 238937.0 239128 384 17939121
136 238191.0 238937.0 239128 384 18075444
137 238397.0 238937.0 239128 384 18203763
138 235022.0 238937.0 239128 384 18331734
139 233939.0 238937.0 239128 384 18459901
140 233493.0 238937.0 239128 384 18587715
141 237785.0 238937.0 239128 384 18715350
142 233514.0 238937.0 239128 384 18843202
143 233968.0 238937.0 239128 384 18970490
144 236040.0 238937.0 239128 384 19098058
145 239102.0 239102.0 239294 390 19225904
146 235586.0 239102.0 239294 390 19353906
147 235379.0 239102.0 239294 390 19481886
148 238989.0 239102.0 239294 390 19609537
149 236236.0 239102.0 239294 390 19745673
150 235454.0 239102.0 239294 390 19874401
151 234236.0 239102.0 239294 390 20002199
152 236256.0 239102.0 239294 390 20130455
153 238090.0 239102.0 239294 390 20258202
154 235755.0 239102.0 239294 390 20386131
155 237169.0 239102.0 239294 390 20513944
156 237281.0 239102.0 239294 390 20641659
157 233820.0 239102.0 239294 390 20769700
158 237651.0 239102.0 239294 390 20897534
159 237330.0 239102.0 239294 390 21027125
160 235362.0 239102.0 239294 390 21158641
161 234796.0 239102.0 239294 390 21286923
162 236978.0 239102.0 239294 390 21414509
163 237467.0 239102.0 239294 390 21542320
164 240843.0 240843.0 241232 383 21669869
165 242145.0 242145.0 242340 386 21797236
166 235192.0 242145.0 242340 386 21924881
167 236128.0 242145.0 242340 386 22052260
168 236079.0 242145.0 242340 386 22180666
169 238991.0 242145.0 242340 386 22316942
170 236385.0 242145.0 242340 386 22445848
171 237175.0 242145.0 242340 386 22573545
172 235503.0 242145.0 242340 386 22700933
173 239659.0 242145.0 242340 386 22828566
174 234800.0 242145.0 242340 386 22955988
175 238765.0 242145.0 242340 386 23083490
176 234837.0 242145.0 242340 386 23211070
177 234646.0 242145.0 242340 386 23338401
178 239772.0 242145.0 242340 386 23465649
179 235766.0 242145.0 242340 386 23593091
180 234132.0 242145.0 242340 386 23723902
181 235463.0 242145.0 242340 386 23856041
182 236071.0 242145.0 242340 386 23983368
183 238977.0 242145.0 242340 386 24110710
184 237941.0 242145.0 242340 386 24237882
185 239505.0 242145.0 242340 386 24365793
186 239835.0 242145.0 242340 386 24493117
187 242171.0 242171.0 242354 380 24625632
188 238533.0 242171.0 242354 380 24756358
189 236313.0 242171.0 242354 380 24884198
190 237917.0 242171.0 242354 380 25011970
191 235648.0 242171.0 242354 380 25139234
192 240062.0 242171.0 242354 380 25266729
193 235650.0 242171.0 242354 380 25394511
194 240600.0 242171.0 242354 380 25521933
195 238544.0 242171.0 242354 380 25649570
196 236785.0 242171.0 242354 380 25776936
197 236672.0 242171.0 242354 380 25904364
198 237046.0 242171.0 242354 380 26031694
199 237565.0 242171.0 242354 380 26158859
200 237945.0 242171.0 242354 380 26286238
number of contigs : 380
Output file created
RUN 9
-------------
Generated Seeded Population
Generated Diverse Population
0 193912.0 193912.0 194119
1 197855.0 197855.0 198031 417 79242
2 206253.0 206253.0 206455 411 240925
3 201778.0 206253.0 206455 411 401859
4 200252.0 206253.0 206455 411 567513
5 202992.0 206253.0 206455 411 726937
6 202734.0 206253.0 206455 411 886584
7 203398.0 206253.0 206455 411 1045538
8 207244.0 207244.0 207422 417 1204139
9 206146.0 207244.0 207422 417 1361847
10 205347.0 207244.0 207422 417 1519255
11 204499.0 207244.0 207422 417 1675462
12 205909.0 207244.0 207422 417 1831895
13 204962.0 207244.0 207422 417 1987595
14 206972.0 207244.0 207422 417 2143141
15 210674.0 210674.0 210865 418 2297189
16 206170.0 210674.0 210865 418 2450781
17 208835.0 210674.0 210865 418 2603428
18 209624.0 210674.0 210865 418 2756125
19 212789.0 212789.0 212987 408 2906832
20 208154.0 212789.0 212987 408 3055965
21 208548.0 212789.0 212987 408 3204074
22 211083.0 212789.0 212987 408 3351333
23 212175.0 212789.0 212987 408 3497762
24 214396.0 214396.0 214595 407 3643503
25 212606.0 214396.0 214595 407 3787713
26 214481.0 214481.0 214825 413 3936609
27 216104.0 216104.0 216466 403 4079287
28 219388.0 219388.0 219571 405 4220260
29 215659.0 219388.0 219571 405 4360500
30 222207.0 222207.0 222428 403 4500982
31 219147.0 222207.0 222428 403 4640739
32 219244.0 222207.0 222428 403 4780021
33 217636.0 222207.0 222428 403 4918356
34 218311.0 222207.0 222428 403 5055975
35 219080.0 222207.0 222428 403 5202144
36 221206.0 222207.0 222428 403 5340231
37 219444.0 222207.0 222428 403 5477476
38 219656.0 222207.0 222428 403 5614306
39 221068.0 222207.0 222428 403 5755649
40 223655.0 223655.0 223863 407 5896635
41 223664.0 223664.0 223841 399 6033666
42 224290.0 224290.0 224483 401 6170503
43 221340.0 224290.0 224483 401 6306940
44 222271.0 224290.0 224483 401 6442959
45 222193.0 224290.0 224483 401 6578895
46 224542.0 224542.0 224741 398 6716323
47 223972.0 224542.0 224741 398 6851700
48 223462.0 224542.0 224741 398 6986221
49 227742.0 227742.0 227924 389 7120419
50 225072.0 227742.0 227924 389 7261592
51 229783.0 229783.0 229965 390 7395479
52 225901.0 229783.0 229965 390 7528317
53 224746.0 229783.0 229965 390 7661178
54 225625.0 229783.0 229965 390 7794508
55 227051.0 229783.0 229965 390 7926983
56 226925.0 229783.0 229965 390 8067388
57 225636.0 229783.0 229965 390 8205324
58 229840.0 229840.0 230017 388 8338157
59 226776.0 229840.0 230017 388 8470619
60 225477.0 229840.0 230017 388 8602356
61 228577.0 229840.0 230017 388 8734359
62 227462.0 229840.0 230017 388 8866164
63 227522.0 229840.0 230017 388 8998275
64 228692.0 229840.0 230017 388 9130172
65 225822.0 229840.0 230017 388 9262463
66 227162.0 229840.0 230017 388 9394959
67 227641.0 229840.0 230017 388 9527105
68 228084.0 229840.0 230017 388 9659064
69 229392.0 229840.0 230017 388 9798127
70 226551.0 229840.0 230017 388 9931225
71 227188.0 229840.0 230017 388 10062429
72 229586.0 229840.0 230017 388 10201942
73 227592.0 229840.0 230017 388 10333123
74 227653.0 229840.0 230017 388 10464374
75 230042.0 230042.0 230241 397 10595687
76 231755.0 231755.0 231946 399 10727055
77 229358.0 231755.0 231946 399 10857866
78 232519.0 232519.0 232687 397 10988578
79 228540.0 232519.0 232687 397 11119510
80 229991.0 232519.0 232687 397 11250646
81 231044.0 232519.0 232687 397 11381431
82 228902.0 232519.0 232687 397 11512855
83 228768.0 232519.0 232687 397 11644065
84 233227.0 233227.0 233410 385 11774839
85 227955.0 233227.0 233410 385 11905537
86 231153.0 233227.0 233410 385 12036046
87 230173.0 233227.0 233410 385 12166504
88 230454.0 233227.0 233410 385 12297336
89 233433.0 233433.0 233603 389 12427703
90 231509.0 233433.0 233603 389 12557933
91 228698.0 233433.0 233603 389 12695287
92 235102.0 235102.0 235399 388 12826267
93 232727.0 235102.0 235399 388 12958115
94 230381.0 235102.0 235399 388 13088326
95 229316.0 235102.0 235399 388 13218790
96 232351.0 235102.0 235399 388 13349310
97 233433.0 235102.0 235399 388 13479820
98 229903.0 235102.0 235399 388 13610110
99 233360.0 235102.0 235399 388 13740786
100 230651.0 235102.0 235399 388 13871334
101 229499.0 235102.0 235399 388 14001835
102 230642.0 235102.0 235399 388 14132468
103 231073.0 235102.0 235399 388 14266123
104 231631.0 235102.0 235399 388 14402053
105 230379.0 235102.0 235399 388 14532443
106 231437.0 235102.0 235399 388 14662535
107 229815.0 235102.0 235399 388 14792693
108 229822.0 235102.0 235399 388 14922790
109 232391.0 235102.0 235399 388 15053052
110 231380.0 235102.0 235399 388 15183210
111 233160.0 235102.0 235399 388 15313386
112 233401.0 235102.0 235399 388 15443513
113 231256.0 235102.0 235399 388 15573815
114 232028.0 235102.0 235399 388 15703615
115 234704.0 235102.0 235399 388 15833689
116 233302.0 235102.0 235399 388 15963853
117 232031.0 235102.0 235399 388 16093672
118 231119.0 235102.0 235399 388 16223824
119 233610.0 235102.0 235399 388 16353859
120 232795.0 235102.0 235399 388 16484171
121 232994.0 235102.0 235399 388 16619672
122 234403.0 235102.0 235399 388 16753657
123 233613.0 235102.0 235399 388 16885356
124 232696.0 235102.0 235399 388 17021350
125 232448.0 235102.0 235399 388 17151089
126 232602.0 235102.0 235399 388 17281389
127 234203.0 235102.0 235399 388 17411759
128 235235.0 235235.0 235408 388 17541615
129 231915.0 235235.0 235408 388 17671476
130 232610.0 235235.0 235408 388 17801141
131 232551.0 235235.0 235408 388 17938675
132 232291.0 235235.0 235408 388 18070220
133 232058.0 235235.0 235408 388 18200674
134 231020.0 235235.0 235408 388 18331532
135 237198.0 237198.0 237386 383 18461865
136 231924.0 237198.0 237386 383 18592384
137 235583.0 237198.0 237386 383 18722560
138 231514.0 237198.0 237386 383 18852953
139 235541.0 237198.0 237386 383 18983268
140 234603.0 237198.0 237386 383 19113368
141 233486.0 237198.0 237386 383 19243417
142 235168.0 237198.0 237386 383 19373925
143 233231.0 237198.0 237386 383 19504380
144 235450.0 237198.0 237386 383 19634486
145 237379.0 237379.0 237575 390 19764968
146 234652.0 237379.0 237575 390 19895287
147 234914.0 237379.0 237575 390 20024976
148 231422.0 237379.0 237575 390 20154942
149 233292.0 237379.0 237575 390 20285491
150 233094.0 237379.0 237575 390 20415577
151 235296.0 237379.0 237575 390 20545511
152 234760.0 237379.0 237575 390 20675586
153 233705.0 237379.0 237575 390 20805654
154 231669.0 237379.0 237575 390 20935147
155 232517.0 237379.0 237575 390 21064977
156 235881.0 237379.0 237575 390 21194723
157 234498.0 237379.0 237575 390 21324979
158 233142.0 237379.0 237575 390 21454740
159 232631.0 237379.0 237575 390 21584894
160 231310.0 237379.0 237575 390 21714885
161 235450.0 237379.0 237575 390 21844608
162 232659.0 237379.0 237575 390 21975044
163 233693.0 237379.0 237575 390 22105104
164 239658.0 239658.0 239879 387 22243355
165 236987.0 239658.0 239879 387 22373340
166 235259.0 239658.0 239879 387 22502984
167 235225.0 239658.0 239879 387 22632048
168 233810.0 239658.0 239879 387 22761625
169 233751.0 239658.0 239879 387 22890962
170 234738.0 239658.0 239879 387 23020406
171 233148.0 239658.0 239879 387 23149695
172 233321.0 239658.0 239879 387 23278712
173 235138.0 239658.0 239879 387 23407623
174 238094.0 239658.0 239879 387 23537113
175 235301.0 239658.0 239879 387 23666596
176 233862.0 239658.0 239879 387 23795718
177 233634.0 239658.0 239879 387 23924910
178 232416.0 239658.0 239879 387 24054113
179 233810.0 239658.0 239879 387 24183919
180 236124.0 239658.0 239879 387 24313326
181 232754.0 239658.0 239879 387 24442591
182 236407.0 239658.0 239879 387 24575733
183 232916.0 239658.0 239879 387 24708450
184 233899.0 239658.0 239879 387 24838102
185 233604.0 239658.0 239879 387 24969375
186 238178.0 239658.0 239879 387 25104544
187 234032.0 239658.0 239879 387 25234521
188 233253.0 239658.0 239879 387 25363665
189 232311.0 239658.0 239879 387 25501238
190 236381.0 239658.0 239879 387 25631429
191 233949.0 239658.0 239879 387 25761028
192 236105.0 239658.0 239879 387 25890600
193 234622.0 239658.0 239879 387 26019719
194 233481.0 239658.0 239879 387 26148981
195 234487.0 239658.0 239879 387 26284060
196 231781.0 239658.0 239879 387 26415497
197 233501.0 239658.0 239879 387 26551951
198 236352.0 239658.0 239879 387 26681588
199 241992.0 241992.0 242341 380 26811171
200 234890.0 241992.0 242341 380 26940208
number of contigs : 380
Output file created
RUN 10
-------------
Generated Seeded Population
Generated Diverse Population
0 188198.0 188198.0 188599
1 196755.0 196755.0 196955 425 79151
2 200061.0 200061.0 200456 414 240864
3 200344.0 200344.0 200537 419 402095
4 203499.0 203499.0 203878 417 562812
5 206519.0 206519.0 206707 415 722495
6 206117.0 206519.0 206707 415 882161
7 207384.0 207384.0 207744 415 1040728
8 205988.0 207384.0 207744 415 1199271
9 205212.0 207384.0 207744 415 1356421
10 206452.0 207384.0 207744 415 1513551
11 207339.0 207384.0 207744 415 1668426
12 209075.0 209075.0 209273 409 1821057
13 206616.0 209075.0 209273 409 1972754
14 212111.0 212111.0 212341 402 2124047
15 209325.0 212111.0 212341 402 2275170
16 210760.0 212111.0 212341 402 2425150
17 211437.0 212111.0 212341 402 2573376
18 213966.0 213966.0 214174 408 2721028
19 212790.0 213966.0 214174 408 2866920
20 215298.0 215298.0 215477 406 3010400
21 216338.0 216338.0 216562 406 3153322
22 216915.0 216915.0 217200 396 3294916
23 217381.0 217381.0 217557 393 3434032
24 222483.0 222483.0 222857 396 3572324
25 219578.0 222483.0 222857 396 3709780
26 219342.0 222483.0 222857 396 3846994
27 219912.0 222483.0 222857 396 3983543
28 221154.0 222483.0 222857 396 4119838
29 223156.0 223156.0 223383 400 4255711
30 224184.0 224184.0 224369 391 4390961
31 223631.0 224184.0 224369 391 4526063
32 227445.0 227445.0 227633 391 4660904
33 229557.0 229557.0 229743 389 4796091
34 226961.0 229557.0 229743 389 4930803
35 225182.0 229557.0 229743 389 5065334
36 227893.0 229557.0 229743 389 5199185
37 224898.0 229557.0 229743 389 5333215
38 225957.0 229557.0 229743 389 5467317
39 226408.0 229557.0 229743 389 5601315
40 226675.0 229557.0 229743 389 5735261
41 225541.0 229557.0 229743 389 5868783
42 227849.0 229557.0 229743 389 6002850
43 228639.0 229557.0 229743 389 6137100
44 225506.0 229557.0 229743 389 6270930
45 226988.0 229557.0 229743 389 6404159
46 226868.0 229557.0 229743 389 6539417
47 229685.0 229685.0 229885 387 6672741
48 228213.0 229685.0 229885 387 6805743
49 227751.0 229685.0 229885 387 6938056
50 226403.0 229685.0 229885 387 7070737
51 228305.0 229685.0 229885 387 7203110
52 225484.0 229685.0 229885 387 7335077
53 228395.0 229685.0 229885 387 7467194
54 227622.0 229685.0 229885 387 7599828
55 227236.0 229685.0 229885 387 7731775
56 230250.0 230250.0 230502 392 7864164
57 226965.0 230250.0 230502 392 7996517
58 232598.0 232598.0 232773 391 8128344
59 225979.0 232598.0 232773 391 8260561
60 229859.0 232598.0 232773 391 8398174
61 228900.0 232598.0 232773 391 8533984
62 228228.0 232598.0 232773 391 8668885
63 229843.0 232598.0 232773 391 8800296
64 227859.0 232598.0 232773 391 8931499
65 231207.0 232598.0 232773 391 9062990
66 227788.0 232598.0 232773 391 9194028
67 228340.0 232598.0 232773 391 9325546
68 229441.0 232598.0 232773 391 9456569
69 229703.0 232598.0 232773 391 9588093
70 230214.0 232598.0 232773 391 9719001
71 227287.0 232598.0 232773 391 9850349
72 229819.0 232598.0 232773 391 9981662
73 229554.0 232598.0 232773 391 10121542
74 230343.0 232598.0 232773 391 10253014
75 232280.0 232598.0 232773 391 10384560
76 230464.0 232598.0 232773 391 10515436
77 231174.0 232598.0 232773 391 10646600
78 229339.0 232598.0 232773 391 10777781
79 236143.0 236143.0 236788 381 10909439
80 231299.0 236143.0 236788 381 11040758
81 229739.0 236143.0 236788 381 11171790
82 228377.0 236143.0 236788 381 11302874
83 230687.0 236143.0 236788 381 11433793
84 228351.0 236143.0 236788 381 11564038
85 230976.0 236143.0 236788 381 11699071
86 231544.0 236143.0 236788 381 11834569
87 230908.0 236143.0 236788 381 11966175
88 229980.0 236143.0 236788 381 12102411
89 226644.0 236143.0 236788 381 12233792
90 230578.0 236143.0 236788 381 12367542
91 230274.0 236143.0 236788 381 12503065
92 230248.0 236143.0 236788 381 12635017
93 229920.0 236143.0 236788 381 12766607
94 228396.0 236143.0 236788 381 12897464
95 240296.0 240296.0 240487 378 13028564
96 229046.0 240296.0 240487 378 13159645
97 230403.0 240296.0 240487 378 13290772
98 229599.0 240296.0 240487 378 13422099
99 230046.0 240296.0 240487 378 13553035
100 232785.0 240296.0 240487 378 13686035
101 232992.0 240296.0 240487 378 13818054
102 230136.0 240296.0 240487 378 13949151
103 231142.0 240296.0 240487 378 14080130
104 229096.0 240296.0 240487 378 14210716
105 233329.0 240296.0 240487 378 14341467
106 230261.0 240296.0 240487 378 14472430
107 234291.0 240296.0 240487 378 14610399
108 235299.0 240296.0 240487 378 14741330
109 231155.0 240296.0 240487 378 14873375
110 234361.0 240296.0 240487 378 15003369
111 234162.0 240296.0 240487 378 15132512
112 233281.0 240296.0 240487 378 15262128
113 233113.0 240296.0 240487 378 15391482
114 234068.0 240296.0 240487 378 15521498
115 231357.0 240296.0 240487 378 15655786
116 230050.0 240296.0 240487 378 15790182
117 231971.0 240296.0 240487 378 15919962
118 231083.0 240296.0 240487 378 16048889
119 235962.0 240296.0 240487 378 16178124
120 232180.0 240296.0 240487 378 16307247
121 233530.0 240296.0 240487 378 16436186
122 233184.0 240296.0 240487 378 16565082
123 234384.0 240296.0 240487 378 16694214
124 233433.0 240296.0 240487 378 16832051
125 234371.0 240296.0 240487 378 16961959
126 232713.0 240296.0 240487 378 17091338
127 231221.0 240296.0 240487 378 17229163
128 232051.0 240296.0 240487 378 17359418
129 231835.0 240296.0 240487 378 17489469
130 235580.0 240296.0 240487 378 17619174
131 231893.0 240296.0 240487 378 17748205
132 232284.0 240296.0 240487 378 17877535
133 232412.0 240296.0 240487 378 18006400
134 231170.0 240296.0 240487 378 18135001
135 231100.0 240296.0 240487 378 18264465
136 232436.0 240296.0 240487 378 18393318
137 232537.0 240296.0 240487 378 18522375
138 234812.0 240296.0 240487 378 18651132
139 231834.0 240296.0 240487 378 18780379
140 235993.0 240296.0 240487 378 18907998
141 234829.0 240296.0 240487 378 19035580
142 232100.0 240296.0 240487 378 19162860
143 236493.0 240296.0 240487 378 19290184
144 237469.0 240296.0 240487 378 19417803
145 232843.0 240296.0 240487 378 19545314
146 232690.0 240296.0 240487 378 19672740
147 233081.0 240296.0 240487 378 19800300
148 232481.0 240296.0 240487 378 19927946
149 234833.0 240296.0 240487 378 20055588
150 234426.0 240296.0 240487 378 20183193
151 235788.0 240296.0 240487 378 20310739
152 233033.0 240296.0 240487 378 20438271
153 239520.0 240296.0 240487 378 20566935
154 237205.0 240296.0 240487 378 20694619
155 236890.0 240296.0 240487 378 20821647
156 233189.0 240296.0 240487 378 20948928
157 235352.0 240296.0 240487 378 21076039
158 238277.0 240296.0 240487 378 21203125
159 231728.0 240296.0 240487 378 21329980
160 233500.0 240296.0 240487 378 21456967
161 234830.0 240296.0 240487 378 21583958
162 236433.0 240296.0 240487 378 21710784
163 236042.0 240296.0 240487 378 21837894
164 236156.0 240296.0 240487 378 21964933
165 235039.0 240296.0 240487 378 22092251
166 233470.0 240296.0 240487 378 22219250
167 235750.0 240296.0 240487 378 22346179
168 233679.0 240296.0 240487 378 22473143
169 233876.0 240296.0 240487 378 22599992
170 233990.0 240296.0 240487 378 22735096
171 235501.0 240296.0 240487 378 22863219
172 236357.0 240296.0 240487 378 22990194
173 237624.0 240296.0 240487 378 23117438
174 233905.0 240296.0 240487 378 23244604
175 234293.0 240296.0 240487 378 23371583
176 238382.0 240296.0 240487 378 23498659
177 234400.0 240296.0 240487 378 23626200
178 234384.0 240296.0 240487 378 23753348
179 234141.0 240296.0 240487 378 23880275
180 235044.0 240296.0 240487 378 24007477
181 241904.0 241904.0 242098 380 24134733
182 233583.0 241904.0 242098 380 24261983
183 236074.0 241904.0 242098 380 24389057
184 233220.0 241904.0 242098 380 24516759
185 239010.0 241904.0 242098 380 24643728
186 234570.0 241904.0 242098 380 24771316
187 235507.0 241904.0 242098 380 24898423
188 236698.0 241904.0 242098 380 25025278
189 236816.0 241904.0 242098 380 25152671
190 236790.0 241904.0 242098 380 25280053
191 236883.0 241904.0 242098 380 25406905
192 234787.0 241904.0 242098 380 25534264
193 236819.0 241904.0 242098 380 25661177
194 235273.0 241904.0 242098 380 25788393
195 235056.0 241904.0 242098 380 25915654
196 236957.0 241904.0 242098 380 26042519
197 234954.0 241904.0 242098 380 26169944
198 235135.0 241904.0 242098 380 26296594
199 238267.0 241904.0 242098 380 26423576
200 242865.0 242865.0 243038 384 26550624
number of contigs : 384
Output file created

real	4636m35.394s
user	4413m25.752s
sys	33m53.572s
