Read configurations from config.txt.
Overlap threshold (Auto-tuned):  160
Fragments, config read and store time: 11861 ms
RUN 1
-------------
Generated Seeded Population
Generated Diverse Population
0 162.1316425120773 162.1316425120773 134640
1 174.42387332521315 174.42387332521315 143590 821 323555
2 185.0507425742574 185.0507425742574 149900 808 740765
3 190.53300124533 190.53300124533 153354 803 1110688
4 206.03156565656565 206.03156565656565 163575 792 1536010
5 203.85245901639345 206.03156565656565 163575 792 1898146
6 233.32379713914173 233.32379713914173 179809 769 2242452
7 234.9765625 234.9765625 180859 768 2589896
8 242.16248348745046 242.16248348745046 183640 757 2956015
9 246.32105263157894 246.32105263157894 187528 760 3278828
10 249.42077230359521 249.42077230359521 187654 751 3607774
11 261.8086253369272 261.8086253369272 194598 742 3920421
12 272.4223433242507 272.4223433242507 200399 734 4235393
13 265.3785234899329 272.4223433242507 200399 734 4545092
14 276.2093023255814 276.2093023255814 202232 731 4869636
15 282.4600550964187 282.4600550964187 205373 726 5176039
16 286.07894736842104 286.07894736842104 206958 722 5471786
17 293.6545961002785 293.6545961002785 211192 718 5750583
18 297.8 297.8 213374 715 6019254
19 294.15202231520226 297.8 213374 715 6289760
20 302.79971791255286 302.79971791255286 215026 709 6571933
21 314.2460881934566 314.2460881934566 221240 703 6853622
22 323.52217453505006 323.52217453505006 226463 699 7131878
23 316.4493580599144 323.52217453505006 226463 699 7390738
24 327.2485632183908 327.2485632183908 228087 696 7718052
25 332.8627167630058 332.8627167630058 230801 692 7989600
26 339.8586005830904 339.8586005830904 233455 686 8242213
27 336.5753623188406 339.8586005830904 233455 686 8558271
28 351.07456140350877 351.07456140350877 240446 684 8816687
29 345.8678414096916 351.07456140350877 240446 684 9080079
30 357.96449704142015 357.96449704142015 242266 676 9338475
31 361.06489675516224 361.06489675516224 245104 678 9627842
32 362.08345752608045 362.08345752608045 243404 671 9880524
33 369.8622754491018 369.8622754491018 247385 668 10147722
34 380.88102409638554 380.88102409638554 253205 664 10392158
35 372.4053651266766 380.88102409638554 253205 664 10640655
36 384.0725075528701 384.0725075528701 254530 662 10892706
37 385.29003021148037 385.29003021148037 255356 662 11141095
38 395.1067073170732 395.1067073170732 259471 656 11385762
39 396.1600609756098 396.1600609756098 260159 656 11634775
40 394.6875 396.1600609756098 260159 656 11885754
41 404.55384615384617 404.55384615384617 263233 650 12123672
42 406.4274691358025 406.4274691358025 263651 648 12353402
43 409.3854489164087 409.3854489164087 264777 646 12606502
44 411.6882716049383 411.6882716049383 267093 648 12852785
45 416.03894080996884 416.03894080996884 267377 642 13086643
46 418.221875 418.221875 267945 640 13320077
47 421.61189358372457 421.61189358372457 269717 639 13587621
48 421.1859375 421.61189358372457 269717 639 13843714
49 425.43260188087777 425.43260188087777 271705 638 14076334
50 429.28930817610063 429.28930817610063 273336 636 14343964
51 434.03164556962025 434.03164556962025 274585 632 14580546
52 432.8499210110584 434.03164556962025 274585 632 14801612
53 437.95548489666135 437.95548489666135 275734 629 15028918
54 439.33014354066984 439.33014354066984 275752 627 15253706
55 443.50319488817894 443.50319488817894 277914 626 15489681
56 449.33653846153845 449.33653846153845 280657 624 15708170
57 449.19101123595505 449.33653846153845 280657 624 15926574
58 448.0144 449.33653846153845 280657 624 16153708
59 459.7342995169082 459.7342995169082 285789 621 16385705
60 464.3743922204214 464.3743922204214 286817 617 16618006
61 461.84057971014494 464.3743922204214 286817 617 16892645
62 468.8298217179903 468.8298217179903 289522 617 17113541
63 466.1701782820097 468.8298217179903 289522 617 17334599
64 472.6977124183006 472.6977124183006 289577 612 17551710
65 474.18062397372745 474.18062397372745 289057 609 17768094
66 478.16748768472905 478.16748768472905 291479 609 18011577
67 477.18657937806876 478.16748768472905 291479 609 18455932
68 480.0825082508251 480.0825082508251 291192 606 18691665
69 481.5674342105263 481.5674342105263 293169 608 18937673
70 489.3646864686469 489.3646864686469 296846 606 19154757
71 488.6710743801653 489.3646864686469 296846 606 19381676
72 490.5205930807249 490.5205930807249 298016 607 19620476
73 495.07462686567163 495.07462686567163 298838 603 19834192
74 496.7926421404682 496.7926421404682 297474 598 20052145
75 504.20234113712377 504.20234113712377 301800 598 20274268
76 501.0883333333333 504.20234113712377 301800 598 20492632
77 504.3010033444816 504.3010033444816 301879 598 20757093
78 504.55852842809367 504.55852842809367 302027 598 20975420
79 507.53859060402687 507.53859060402687 302778 596 21185167
80 514.6964586846543 514.6964586846543 305483 593 21398093
81 512.35413153457 514.6964586846543 305483 593 21650666
82 516.3086003372681 516.3086003372681 306452 593 21866116
83 520.5593220338983 520.5593220338983 307415 590 22086631
84 526.5229982964225 526.5229982964225 309331 587 22297841
85 526.8926746166951 526.8926746166951 309575 587 22516705
86 531.4503424657535 531.4503424657535 310612 584 22724820
87 536.0103092783505 536.0103092783505 312235 582 23009048
88 538.631669535284 538.631669535284 313216 581 23350973
89 542.2176165803108 542.2176165803108 314262 579 23571315
90 539.139175257732 542.2176165803108 314262 579 23782658
91 547.2027729636048 547.2027729636048 316046 577 23989072
92 547.5563258232236 547.5563258232236 316315 577 24197743
93 549.2638888888889 549.2638888888889 316628 576 24407169
94 552.9965217391305 552.9965217391305 318249 575 24654478
95 558.0401396160559 558.0401396160559 320044 573 24866455
96 555.1029668411867 558.0401396160559 320044 573 25070920
97 559.7027972027972 559.7027972027972 320465 572 25272463
98 559.6346153846154 559.7027972027972 320465 572 25561465
99 567.9577464788732 567.9577464788732 322870 568 25758265
100 564.2636203866432 567.9577464788732 322870 568 25979062
101 570.2610229276896 570.2610229276896 323643 567 26180457
102 572.303886925795 572.303886925795 324226 566 26410695
103 574.3469026548672 574.3469026548672 324785 565 26665266
104 580.1814946619218 580.1814946619218 326519 562 26873929
105 579.1492007104796 580.1814946619218 326519 562 27073504
106 582.9073083778966 582.9073083778966 327328 561 27277546
107 581.8523131672598 582.9073083778966 327328 561 27474420
108 583.6737967914438 583.6737967914438 327704 561 27731237
109 586.1896243291592 586.1896243291592 327944 559 27999706
110 588.8767857142857 588.8767857142857 330040 560 28218416
111 589.9749103942652 589.9749103942652 329478 558 28422156
112 591.3716337522442 591.3716337522442 329659 557 28638596
113 595.6018018018018 595.6018018018018 330819 555 28845787
114 594.2585278276481 595.6018018018018 330819 555 29086318
115 595.845045045045 595.845045045045 331088 555 29289274
116 598.063063063063 598.063063063063 332235 555 29505652
117 598.9855072463768 598.9855072463768 330926 552 29700212
118 599.4440433212997 599.4440433212997 332363 554 29892023
119 602.4872727272727 602.4872727272727 331777 550 30087729
120 603.7215189873418 603.7215189873418 334107 553 30280851
121 604.1872727272727 604.1872727272727 332551 550 30473915
122 607.6788321167883 607.6788321167883 333456 548 30683380
123 608.8029197080292 608.8029197080292 333927 548 30873313
124 614.363802559415 614.363802559415 336338 547 31083083
125 611.3186813186813 614.363802559415 336338 547 31287418
126 616.7651376146789 616.7651376146789 336386 545 31479575
127 617.5091911764706 617.5091911764706 336189 544 31674829
128 622.2343173431734 622.2343173431734 337508 542 31865675
129 623.8502772643253 623.8502772643253 337748 541 32057946
130 623.6236162361623 623.8502772643253 337748 541 32249617
131 624.4251386321627 624.4251386321627 338061 541 32439422
132 625.4629629629629 625.4629629629629 338014 540 32633772
133 632.7788104089219 632.7788104089219 340667 538 32822416
134 628.9666666666667 632.7788104089219 340667 538 33016677
135 631.1210428305401 632.7788104089219 340667 538 33210572
136 643.4119850187266 643.4119850187266 343829 534 33403332
137 639.2672897196262 643.4119850187266 343829 534 33593740
138 645.7879924953096 645.7879924953096 344487 533 33779976
139 645.0018761726079 645.7879924953096 344487 533 33999582
140 646.3921200750469 646.3921200750469 344791 533 34189403
141 648.5394736842105 648.5394736842105 345270 532 34380006
142 650.1826741996233 650.1826741996233 345497 531 34569008
143 649.3402255639098 650.1826741996233 345497 531 34756810
144 658.3156899810964 658.3156899810964 348512 529 34944894
145 653.3830188679245 658.3156899810964 348512 529 35131644
146 658.805293005671 658.805293005671 348776 529 35344970
147 658.9487666034156 658.9487666034156 347629 527 35557414
148 664.2713472485768 664.2713472485768 350320 527 35742726
149 664.5294117647059 664.5294117647059 350460 527 35937531
150 669.6342857142857 669.6342857142857 351820 525 36122233
151 664.4962121212121 669.6342857142857 351820 525 36327963
152 671.4217557251908 671.4217557251908 352064 524 36513257
153 671.4171428571428 671.4217557251908 352064 524 36700070
154 671.6374045801526 671.6374045801526 352193 524 36901057
155 674.6692160611855 674.6692160611855 353127 523 37084087
156 674.0248565965583 674.6692160611855 353127 523 37279293
157 674.5583173996176 674.6692160611855 353127 523 37465056
158 676.1376673040153 676.1376673040153 353858 523 37701530
159 682.6967370441458 682.6967370441458 355952 521 37892023
160 678.869481765835 682.6967370441458 355952 521 38076735
161 683.4230769230769 683.4230769230769 355627 520 38265301
162 684.0 684.0 356331 520 38458484
163 684.1593090211132 684.1593090211132 356729 521 38657946
164 689.1428571428571 689.1428571428571 357222 518 38845673
165 690.527027027027 690.527027027027 357940 518 39040667
166 689.9710424710424 690.527027027027 357940 518 39224356
167 696.9399224806201 696.9399224806201 359884 516 39410921
168 693.3236434108527 696.9399224806201 359884 516 39637531
169 696.4235976789168 696.9399224806201 359884 516 39828152
170 698.9651162790698 698.9651162790698 360915 516 40012039
171 703.9688715953307 703.9688715953307 362116 514 40196563
172 709.3776908023483 709.3776908023483 362738 511 40383966
173 701.4291262135922 709.3776908023483 362738 511 40566301
174 703.8888888888889 709.3776908023483 362738 511 40750343
175 708.1252446183953 709.3776908023483 362738 511 40933123
176 713.5874263261296 713.5874263261296 363478 509 41114304
177 714.1846758349706 714.1846758349706 363785 509 41311853
178 714.253438113949 714.253438113949 363836 509 41504453
179 716.2893700787401 716.2893700787401 364124 508 41683387
180 715.7013752455796 716.2893700787401 364124 508 41872290
181 720.9428007889546 720.9428007889546 365749 507 42083267
182 720.0808678500986 720.9428007889546 365749 507 42307609
183 720.8047337278107 720.9428007889546 365749 507 42488001
184 722.701581027668 722.701581027668 365936 506 42666045
185 723.9762845849802 723.9762845849802 366689 506 42858680
186 726.0534653465346 726.0534653465346 366927 505 43044193
187 727.780198019802 727.780198019802 367778 505 43229642
188 729.7460317460317 729.7460317460317 368040 504 43411368
189 733.8290258449305 733.8290258449305 369388 503 43598196
190 729.2435643564356 733.8290258449305 369388 503 43785135
191 732.9662027833002 733.8290258449305 369388 503 43980821
192 734.1888667992048 734.1888667992048 369554 503 44161944
193 739.0419161676647 739.0419161676647 370526 501 44373890
194 740.3712574850299 740.3712574850299 371176 501 44557035
195 738.0657370517928 740.3712574850299 371176 501 44745947
196 739.4750499001996 740.3712574850299 371176 501 44936151
197 744.9138276553106 744.9138276553106 371959 499 45111834
198 748.2991967871486 748.2991967871486 372903 498 45289087
199 742.38 748.2991967871486 372903 498 45466792
200 751.1224899598394 751.1224899598394 374311 498 45642769
number of contigs : 498
Output file created
