Read configurations from config.txt.
Overlap threshold (Auto-tuned):  198
Fragments, config read and store time: 7205 ms
RUN 1
-------------
Generated Seeded Population
Generated Diverse Population
0 103.74517374517374 103.74517374517374 53999
1 124.6036217303823 124.6036217303823 62149 497 70287
2 134.02834008097167 134.02834008097167 66471 494 199095
3 165.44142259414227 165.44142259414227 79302 478 320299
4 176.955223880597 176.955223880597 83225 469 444694
5 181.3763440860215 181.3763440860215 84574 465 575862
6 185.8315334773218 185.8315334773218 86290 463 714806
7 194.01079913606912 194.01079913606912 89999 463 832703
8 204.5698689956332 204.5698689956332 93882 458 948338
9 203.3684210526316 204.5698689956332 93882 458 1060959
10 211.59471365638765 211.59471365638765 96255 454 1168140
11 228.64172335600907 228.64172335600907 101039 441 1274502
12 222.64414414414415 228.64172335600907 101039 441 1380161
13 234.28310502283105 234.28310502283105 102984 438 1482652
14 240.53899082568807 240.53899082568807 105072 436 1585853
15 243.11954022988505 243.11954022988505 105962 435 1690404
16 258.002331002331 258.002331002331 110897 429 1797273
17 247.979020979021 258.002331002331 110897 429 1897970
18 262.5456674473068 262.5456674473068 112325 427 2002797
19 262.864168618267 262.864168618267 112454 427 2107683
20 270.4268867924528 270.4268867924528 114851 424 2209522
21 276.58669833729215 276.58669833729215 116630 421 2308842
22 277.1885441527446 277.1885441527446 116353 419 2407212
23 280.50714285714287 280.50714285714287 118027 420 2505380
24 286.8636363636364 286.8636363636364 120122 418 2604198
25 288.99759615384613 288.99759615384613 120434 416 2703220
26 291.3325301204819 291.3325301204819 121126 415 2801064
27 297.5133171912833 297.5133171912833 123063 413 2899382
28 311.44059405940595 311.44059405940595 125999 404 2995027
29 303.5669099756691 311.44059405940595 125999 404 3091490
30 309.320987654321 311.44059405940595 125999 404 3186094
31 322.2625 322.2625 129087 400 3282520
32 334.78227848101267 334.78227848101267 132612 395 3382587
33 324.43609022556393 334.78227848101267 132612 395 3481472
34 333.66835443037974 334.78227848101267 132612 395 3573709
35 340.0916030534351 340.0916030534351 133824 393 3675325
36 348.5 348.5 136096 390 3764720
37 344.125 348.5 136096 390 3853715
38 350.0822622107969 350.0822622107969 136341 389 3943066
39 350.7609254498715 350.7609254498715 136623 389 4038429
40 355.6502590673575 355.6502590673575 137446 386 4134631
41 359.6139896373057 359.6139896373057 138987 386 4228604
42 362.8160621761658 362.8160621761658 140212 386 4318794
43 363.2838541666667 363.2838541666667 139688 384 4406595
44 374.3280839895013 374.3280839895013 142825 381 4493339
45 369.39005235602093 374.3280839895013 142825 381 4593997
46 376.89473684210526 376.89473684210526 143380 380 4685799
47 378.39736842105265 378.39736842105265 143973 380 4773465
48 380.35356200527707 380.35356200527707 144327 379 4862054
49 388.6870026525199 388.6870026525199 146875 377 4956945
50 388.57029177718834 388.6870026525199 146875 377 5046850
51 395.1711229946524 395.1711229946524 147963 374 5137305
52 393.90106951871655 395.1711229946524 147963 374 5227219
53 402.70080862533695 402.70080862533695 149565 371 5316279
54 397.66487935656835 402.70080862533695 149565 371 5406826
55 407.9241192411924 407.9241192411924 150702 369 5494343
56 411.3702702702703 411.3702702702703 152410 370 5581836
57 411.390243902439 411.390243902439 151979 369 5685208
58 412.8292682926829 412.8292682926829 152499 369 5774716
59 420.63013698630135 420.63013698630135 153698 365 5864466
60 421.10928961748635 421.10928961748635 154311 366 5951569
61 419.27945205479455 421.10928961748635 154311 366 6037090
62 428.13424657534244 428.13424657534244 156444 365 6121811
63 432.7894736842105 432.7894736842105 156560 361 6222439
64 431.0359116022099 432.7894736842105 156560 361 6310951
65 437.09944751381215 437.09944751381215 158412 362 6396033
66 437.8666666666667 437.8666666666667 157791 360 6485642
67 441.18384401114207 441.18384401114207 158566 359 6575142
68 442.5027777777778 442.5027777777778 159562 360 6662680
69 441.5598885793872 442.5027777777778 159562 360 6762832
70 449.37150837988827 449.37150837988827 161045 358 6847532
71 449.40449438202245 449.40449438202245 160164 356 6931024
72 460.90677966101697 460.90677966101697 163356 354 7018276
73 456.2556179775281 460.90677966101697 163356 354 7103458
74 465.02259887005647 465.02259887005647 164757 354 7188562
75 460.90677966101697 465.02259887005647 164757 354 7280758
76 471.47293447293447 471.47293447293447 165668 351 7367965
77 471.9488636363636 471.9488636363636 166287 352 7468335
78 474.4342857142857 474.4342857142857 166223 350 7563598
79 478.75358166189113 478.75358166189113 167516 349 7656677
80 475.0571428571429 478.75358166189113 167516 349 7742041
81 483.4956772334294 483.4956772334294 167953 347 7824106
82 479.65042979942695 483.4956772334294 167953 347 7907185
83 481.6925287356322 483.4956772334294 167953 347 7990976
84 484.8587896253602 484.8587896253602 168393 347 8078959
85 488.2514450867052 488.2514450867052 169095 346 8160426
86 487.4869565217391 488.2514450867052 169095 346 8242039
87 493.0668604651163 493.0668604651163 169790 344 8323132
88 491.28034682080926 493.0668604651163 169790 344 8404467
89 497.3673469387755 497.3673469387755 170749 343 8484945
90 499.4766081871345 499.4766081871345 171014 342 8564871
91 504.6715542521994 504.6715542521994 172267 341 8645369
92 499.92419825072886 504.6715542521994 172267 341 8730042
93 504.6715542521994 504.6715542521994 172267 341 8836703
94 506.55847953216374 506.55847953216374 173398 342 8916194
95 509.1088235294118 509.1088235294118 173405 340 8996025
96 508.72058823529414 509.1088235294118 173405 340 9078944
97 512.1533923303834 512.1533923303834 173776 339 9167942
98 510.8702064896755 512.1533923303834 173776 339 9263245
99 514.6745562130177 514.6745562130177 174136 338 9366173
100 516.9023668639053 516.9023668639053 174876 338 9468860
101 515.3609467455622 516.9023668639053 174876 338 9551334
102 526.3462686567165 526.3462686567165 176506 335 9631157
103 520.1661721068249 526.3462686567165 176506 335 9712386
104 521.8902077151336 526.3462686567165 176506 335 9793085
105 527.4567164179105 527.4567164179105 176870 335 9874015
106 533.03003003003 533.03003003003 177670 333 9954187
107 532.6066066066066 533.03003003003 177670 333 10033143
108 534.5975975975975 534.5975975975975 178170 333 10111879
109 532.9879879879879 534.5975975975975 178170 333 10191683
110 536.2259036144578 536.2259036144578 178211 332 10269489
111 548.2060606060606 548.2060606060606 181064 330 10349473
112 547.3424242424243 548.2060606060606 181064 330 10432731
113 548.2939393939394 548.2939393939394 181112 330 10527307
114 549.1939393939394 549.1939393939394 181399 330 10611740
115 551.2408536585366 551.2408536585366 180958 328 10698406
116 553.9298780487804 553.9298780487804 181846 328 10781089
117 555.7987804878048 555.7987804878048 182455 328 10860643
118 555.9418960244649 555.9418960244649 181955 327 10939833
119 557.269113149847 557.269113149847 182383 327 11018481
120 557.4984709480123 557.4984709480123 182449 327 11097544
121 560.3650306748466 560.3650306748466 182850 326 11178299
122 559.6299694189603 560.3650306748466 182850 326 11258540
123 560.6840490797546 560.6840490797546 182959 326 11341990
124 560.6717791411043 560.6840490797546 182959 326 11430402
125 563.756923076923 563.756923076923 183377 325 11514101
126 566.0552147239264 566.0552147239264 184688 326 11597769
127 568.7006172839506 568.7006172839506 184419 324 11682348
128 567.4570552147239 568.7006172839506 184419 324 11776724
129 570.9349845201239 570.9349845201239 184576 323 11857736
130 573.8888888888889 573.8888888888889 186116 324 11936192
131 569.8276923076924 573.8888888888889 186116 324 12014549
132 572.2012383900928 573.8888888888889 186116 324 12094979
133 575.4722222222222 575.4722222222222 186774 324 12187570
134 578.664596273292 578.664596273292 186484 322 12271387
135 577.2546583850932 578.664596273292 186484 322 12358669
136 585.1191222570533 585.1191222570533 186802 319 12441514
137 580.4968944099379 585.1191222570533 186802 319 12527781
138 585.5950155763239 585.5950155763239 188126 321 12618791
139 585.1191222570533 585.5950155763239 188126 321 12708855
140 588.909375 588.909375 188606 320 12791295
141 593.7429467084639 593.7429467084639 189562 319 12871256
142 590.4842767295597 593.7429467084639 189562 319 12950240
143 592.993690851735 593.7429467084639 189562 319 13030228
144 594.7147335423198 594.7147335423198 189865 319 13112647
145 599.2421383647799 599.2421383647799 190706 318 13193429
146 600.2232704402516 600.2232704402516 191003 318 13273351
147 596.8584905660377 600.2232704402516 191003 318 13353136
148 601.1320754716982 601.1320754716982 191310 318 13432376
149 601.2515723270441 601.2515723270441 191342 318 13514649
150 605.0567823343848 605.0567823343848 191958 317 13593823
151 606.1898734177215 606.1898734177215 191708 316 13672853
152 606.3987341772151 606.3987341772151 191780 316 13752240
153 614.0253968253968 614.0253968253968 193642 315 13831925
154 606.6835443037975 614.0253968253968 193642 315 13912677
155 612.9203821656051 614.0253968253968 193642 315 14005584
156 622.7316293929713 622.7316293929713 195069 313 14084840
157 616.6974522292994 622.7316293929713 195069 313 14162797
158 623.4952076677316 623.4952076677316 195297 313 14242419
159 623.3674121405751 623.4952076677316 195297 313 14320681
160 625.9070512820513 625.9070512820513 195513 312 14398633
161 622.7316293929713 625.9070512820513 195513 312 14474790
162 631.5209003215434 631.5209003215434 196546 311 14553335
163 629.176848874598 631.5209003215434 196546 311 14632061
164 628.8360128617363 631.5209003215434 196546 311 14725282
165 628.5916398713827 631.5209003215434 196546 311 14832079
166 633.2057877813505 633.2057877813505 197110 311 14910768
167 635.2709677419355 635.2709677419355 197063 310 14988702
168 637.0225806451613 637.0225806451613 197621 310 15065776
169 635.3354838709678 637.0225806451613 197621 310 15143648
170 641.5631067961165 641.5631067961165 198546 309 15224277
171 639.2977346278317 641.5631067961165 198546 309 15302574
172 641.0324675324675 641.5631067961165 198546 309 15402100
173 644.827922077922 644.827922077922 198764 308 15484190
174 642.2912621359224 644.827922077922 198764 308 15599067
175 644.1461038961039 644.827922077922 198764 308 15686068
176 648.4039087947883 648.4039087947883 199205 307 15768755
177 647.742671009772 648.4039087947883 199205 307 15846286
178 648.4039087947883 648.4039087947883 199205 307 15932032
179 654.6026058631921 654.6026058631921 201139 307 16012350
180 651.1928104575163 654.6026058631921 201139 307 16093656
181 652.3583061889251 654.6026058631921 201139 307 16188129
182 659.1348684210526 659.1348684210526 200523 304 16294938
183 658.3333333333334 659.1348684210526 200523 304 16378901
184 662.6897689768977 662.6897689768977 200938 303 16456299
185 658.6111111111111 662.6897689768977 200938 303 16532822
186 666.8476821192053 666.8476821192053 201667 302 16609358
187 663.8229508196721 666.8476821192053 201667 302 16685865
188 665.6225165562914 666.8476821192053 201667 302 16761442
189 668.108552631579 668.108552631579 203252 304 16836954
190 666.8476821192053 668.108552631579 203252 304 16913274
191 667.8848684210526 668.108552631579 203252 304 16988734
192 671.4817275747508 671.4817275747508 202276 301 17064115
193 672.4584717607974 672.4584717607974 202557 301 17138643
194 671.5714285714286 672.4584717607974 202557 301 17220273
195 674.0166666666667 674.0166666666667 202328 300 17301880
196 675.6611295681063 675.6611295681063 203532 301 17388115
197 674.8333333333334 675.6611295681063 203532 301 17466170
198 672.72 675.6611295681063 203532 301 17547370
199 676.49 676.49 203093 300 17623855
200 674.8333333333334 676.49 203093 300 17700453
number of contigs : 300
Output file created
