Overlap threshold (Auto-tuned):  204
Fragments, config read and store time: 10410 ms
RUN 1
-------------
Generated Seeded Population
Generated Diverse Population
0 147960.0 147960.0 148061
1 148765.0 148765.0 148914 213 37434
2 149817.0 149817.0 149917 225 126355
3 150959.0 150959.0 151280 217 195296
4 154747.0 154747.0 154832 219 294733
5 151246.0 154747.0 154832 219 362626
6 155262.0 155262.0 155656 221 432800
7 154476.0 155262.0 155656 221 499939
8 154683.0 155262.0 155656 221 571526
9 154085.0 155262.0 155656 221 673872
10 154041.0 155262.0 155656 221 743303
11 152778.0 155262.0 155656 221 809742
12 156364.0 156364.0 156458 215 875662
13 154534.0 156364.0 156458 215 941657
14 154240.0 156364.0 156458 215 1007814
15 156665.0 156665.0 156744 221 1088678
16 154854.0 156665.0 156744 221 1157497
17 156245.0 156665.0 156744 221 1223324
18 155923.0 156665.0 156744 221 1291433
19 155974.0 156665.0 156744 221 1384435
20 155856.0 156665.0 156744 221 1457046
21 154500.0 156665.0 156744 221 1522854
22 154282.0 156665.0 156744 221 1596061
23 159184.0 159184.0 159277 216 1660775
24 156529.0 159184.0 159277 216 1728928
25 162726.0 162726.0 162844 206 1804778
26 156621.0 162726.0 162844 206 1879022
27 158654.0 162726.0 162844 206 1946828
28 159784.0 162726.0 162844 206 2013484
29 160017.0 162726.0 162844 206 2078738
30 158369.0 162726.0 162844 206 2144417
31 158957.0 162726.0 162844 206 2208543
32 158316.0 162726.0 162844 206 2273483
33 158373.0 162726.0 162844 206 2337455
34 161156.0 162726.0 162844 206 2400426
35 158137.0 162726.0 162844 206 2462854
36 162224.0 162726.0 162844 206 2525127
37 162312.0 162726.0 162844 206 2586997
38 162067.0 162726.0 162844 206 2653744
39 162544.0 162726.0 162844 206 2731802
40 163008.0 163008.0 163088 214 2792683
41 163072.0 163072.0 163161 214 2860105
42 164675.0 164675.0 164765 213 2925236
43 163730.0 164675.0 164765 213 2985676
44 162506.0 164675.0 164765 213 3048647
45 163137.0 164675.0 164765 213 3109134
46 165707.0 165707.0 165939 208 3190881
47 164189.0 165707.0 165939 208 3259206
48 164207.0 165707.0 165939 208 3327690
49 164191.0 165707.0 165939 208 3398030
50 164321.0 165707.0 165939 208 3462584
51 166179.0 166179.0 166297 219 3533399
52 166213.0 166213.0 166316 215 3593396
53 167007.0 167007.0 167110 214 3652424
54 169098.0 169098.0 169205 205 3717145
55 166312.0 169098.0 169205 205 3782985
56 166971.0 169098.0 169205 205 3847234
57 168993.0 169098.0 169205 205 3907643
58 164791.0 169098.0 169205 205 3978579
59 168110.0 169098.0 169205 205 4043408
60 165512.0 169098.0 169205 205 4103167
61 170927.0 170927.0 171000 213 4161923
62 166173.0 170927.0 171000 213 4223498
63 169592.0 170927.0 171000 213 4308662
64 168036.0 170927.0 171000 213 4370787
65 167005.0 170927.0 171000 213 4431208
66 169626.0 170927.0 171000 213 4490771
67 169938.0 170927.0 171000 213 4559171
68 167166.0 170927.0 171000 213 4617296
69 167313.0 170927.0 171000 213 4679752
70 168907.0 170927.0 171000 213 4743168
71 170109.0 170927.0 171000 213 4802502
72 168727.0 170927.0 171000 213 4869908
73 169229.0 170927.0 171000 213 4927951
74 170477.0 170927.0 171000 213 4997409
75 169563.0 170927.0 171000 213 5076867
76 169915.0 170927.0 171000 213 5137672
77 169849.0 170927.0 171000 213 5197783
78 169252.0 170927.0 171000 213 5255892
79 168837.0 170927.0 171000 213 5326233
80 170529.0 170927.0 171000 213 5416038
81 170365.0 170927.0 171000 213 5478895
82 168859.0 170927.0 171000 213 5543843
83 170028.0 170927.0 171000 213 5602139
84 171170.0 171170.0 171378 212 5660196
85 170557.0 171170.0 171378 212 5719507
86 171227.0 171227.0 171528 214 5779996
87 170139.0 171227.0 171528 214 5851482
88 170598.0 171227.0 171528 214 5912451
89 172554.0 172554.0 172658 209 5987011
90 174608.0 174608.0 174712 211 6052763
91 172824.0 174608.0 174712 211 6124139
92 170839.0 174608.0 174712 211 6248726
93 172032.0 174608.0 174712 211 6311065
94 170029.0 174608.0 174712 211 6378700
95 169295.0 174608.0 174712 211 6443198
96 169624.0 174608.0 174712 211 6526456
97 170020.0 174608.0 174712 211 6591448
98 171657.0 174608.0 174712 211 6650005
99 170355.0 174608.0 174712 211 6731762
100 174481.0 174608.0 174712 211 6792090
101 175059.0 175059.0 175149 209 6850519
102 170323.0 175059.0 175149 209 6910496
103 171706.0 175059.0 175149 209 6967671
104 170275.0 175059.0 175149 209 7035412
105 169658.0 175059.0 175149 209 7092899
106 171467.0 175059.0 175149 209 7161923
107 170700.0 175059.0 175149 209 7219973
108 171874.0 175059.0 175149 209 7278227
109 170540.0 175059.0 175149 209 7338912
110 172642.0 175059.0 175149 209 7398548
111 172784.0 175059.0 175149 209 7459709
112 171248.0 175059.0 175149 209 7517257
113 172544.0 175059.0 175149 209 7575316
114 171651.0 175059.0 175149 209 7632382
115 170958.0 175059.0 175149 209 7691606
116 172164.0 175059.0 175149 209 7752260
117 171357.0 175059.0 175149 209 7809654
118 171502.0 175059.0 175149 209 7866666
119 171202.0 175059.0 175149 209 7923612
120 172079.0 175059.0 175149 209 7983042
121 171111.0 175059.0 175149 209 8040631
122 170334.0 175059.0 175149 209 8115589
123 170131.0 175059.0 175149 209 8184378
124 175932.0 175932.0 176036 201 8256897
125 172685.0 175932.0 176036 201 8357225
126 174373.0 175932.0 176036 201 8428243
127 172049.0 175932.0 176036 201 8490552
128 172742.0 175932.0 176036 201 8548678
129 171256.0 175932.0 176036 201 8621455
130 170826.0 175932.0 176036 201 8678770
131 171225.0 175932.0 176036 201 8735626
132 174629.0 175932.0 176036 201 8792022
133 177659.0 177659.0 177741 208 8850076
134 173353.0 177659.0 177741 208 8907383
135 171800.0 177659.0 177741 208 8964013
136 172292.0 177659.0 177741 208 9022428
137 172130.0 177659.0 177741 208 9079260
138 173146.0 177659.0 177741 208 9138053
139 171595.0 177659.0 177741 208 9194726
140 170589.0 177659.0 177741 208 9251314
141 171292.0 177659.0 177741 208 9307770
142 171254.0 177659.0 177741 208 9364493
143 175745.0 177659.0 177741 208 9420694
144 173900.0 177659.0 177741 208 9478901
145 172626.0 177659.0 177741 208 9536233
146 171838.0 177659.0 177741 208 9593337
147 171972.0 177659.0 177741 208 9651178
148 173503.0 177659.0 177741 208 9708683
149 178087.0 178087.0 178172 206 9778975
150 172127.0 178087.0 178172 206 9854378
151 172008.0 178087.0 178172 206 9918381
152 172157.0 178087.0 178172 206 9992040
153 174038.0 178087.0 178172 206 10049437
154 173868.0 178087.0 178172 206 10106694
155 172250.0 178087.0 178172 206 10170424
156 173171.0 178087.0 178172 206 10233176
157 174191.0 178087.0 178172 206 10289971
158 171549.0 178087.0 178172 206 10347019
159 172843.0 178087.0 178172 206 10404366
160 175703.0 178087.0 178172 206 10461126
161 174174.0 178087.0 178172 206 10517352
162 175797.0 178087.0 178172 206 10574288
163 171138.0 178087.0 178172 206 10630501
164 174077.0 178087.0 178172 206 10687014
165 173113.0 178087.0 178172 206 10743585
166 171865.0 178087.0 178172 206 10799966
167 174761.0 178087.0 178172 206 10856773
168 173646.0 178087.0 178172 206 10913696
169 172681.0 178087.0 178172 206 10970608
170 174332.0 178087.0 178172 206 11027227
171 173599.0 178087.0 178172 206 11088830
172 172858.0 178087.0 178172 206 11145251
173 173836.0 178087.0 178172 206 11210709
174 177488.0 178087.0 178172 206 11268495
175 175054.0 178087.0 178172 206 11325055
176 173682.0 178087.0 178172 206 11381718
177 174160.0 178087.0 178172 206 11459359
178 173272.0 178087.0 178172 206 11521074
179 174230.0 178087.0 178172 206 11592802
180 173724.0 178087.0 178172 206 11654290
181 174551.0 178087.0 178172 206 11724224
182 172026.0 178087.0 178172 206 11783302
183 173426.0 178087.0 178172 206 11841709
184 174388.0 178087.0 178172 206 11900871
185 175138.0 178087.0 178172 206 11971115
186 175712.0 178087.0 178172 206 12030151
187 174912.0 178087.0 178172 206 12089131
188 174112.0 178087.0 178172 206 12154118
189 173471.0 178087.0 178172 206 12212946
190 173217.0 178087.0 178172 206 12273642
191 173055.0 178087.0 178172 206 12342101
192 174319.0 178087.0 178172 206 12398712
193 173089.0 178087.0 178172 206 12455722
194 175336.0 178087.0 178172 206 12513631
195 176016.0 178087.0 178172 206 12571812
196 174582.0 178087.0 178172 206 12632585
197 175077.0 178087.0 178172 206 12693626
198 178754.0 178754.0 178845 200 12751563
199 172995.0 178754.0 178845 200 12809998
200 174228.0 178754.0 178845 200 12867188
number of contigs : 200
Output file created
RUN 2
-------------
Generated Seeded Population
Generated Diverse Population
0 142760.0 142760.0 142859
1 149218.0 149218.0 149299 223 23652
2 150868.0 150868.0 151179 221 91172
3 152457.0 152457.0 152574 220 158549
4 151309.0 152457.0 152574 220 227730
5 150395.0 152457.0 152574 220 294580
6 152947.0 152947.0 153045 216 365426
7 152610.0 152947.0 153045 216 432251
8 155031.0 155031.0 155141 216 499190
9 154193.0 155031.0 155141 216 565599
10 152600.0 155031.0 155141 216 631863
11 153324.0 155031.0 155141 216 699442
12 159164.0 159164.0 159403 211 766439
13 151470.0 159164.0 159403 211 832590
14 159954.0 159954.0 160081 208 898619
15 155221.0 159954.0 160081 208 964649
16 155725.0 159954.0 160081 208 1031049
17 156197.0 159954.0 160081 208 1096767
18 154852.0 159954.0 160081 208 1162859
19 156411.0 159954.0 160081 208 1231692
20 159649.0 159954.0 160081 208 1297180
21 155204.0 159954.0 160081 208 1362279
22 160838.0 160838.0 161140 217 1426083
23 157203.0 160838.0 161140 217 1489554
24 155773.0 160838.0 161140 217 1572221
25 155839.0 160838.0 161140 217 1641517
26 158408.0 160838.0 161140 217 1705011
27 156951.0 160838.0 161140 217 1772468
28 158676.0 160838.0 161140 217 1835242
29 160239.0 160838.0 161140 217 1900141
30 158134.0 160838.0 161140 217 1964148
31 159697.0 160838.0 161140 217 2024144
32 159489.0 160838.0 161140 217 2083189
33 160102.0 160838.0 161140 217 2141678
34 162681.0 162681.0 162862 219 2200771
35 161085.0 162681.0 162862 219 2259194
36 160964.0 162681.0 162862 219 2318016
37 160549.0 162681.0 162862 219 2376216
38 158417.0 162681.0 162862 219 2434164
39 162284.0 162681.0 162862 219 2509337
40 160297.0 162681.0 162862 219 2573160
41 161258.0 162681.0 162862 219 2632920
42 162075.0 162681.0 162862 219 2692163
43 158830.0 162681.0 162862 219 2753141
44 160931.0 162681.0 162862 219 2815830
45 159254.0 162681.0 162862 219 2874250
46 160230.0 162681.0 162862 219 2935305
47 161771.0 162681.0 162862 219 3000805
48 160190.0 162681.0 162862 219 3072963
49 163682.0 163682.0 163777 207 3148066
50 161333.0 163682.0 163777 207 3227947
51 159470.0 163682.0 163777 207 3289677
52 161143.0 163682.0 163777 207 3350196
53 162120.0 163682.0 163777 207 3411317
54 161067.0 163682.0 163777 207 3473694
55 161770.0 163682.0 163777 207 3537285
56 160906.0 163682.0 163777 207 3595256
57 161880.0 163682.0 163777 207 3652928
58 161172.0 163682.0 163777 207 3710597
59 163305.0 163682.0 163777 207 3768622
60 160956.0 163682.0 163777 207 3827225
61 159526.0 163682.0 163777 207 3885364
62 161500.0 163682.0 163777 207 3943443
63 159192.0 163682.0 163777 207 4002527
64 163159.0 163682.0 163777 207 4060800
65 161987.0 163682.0 163777 207 4119152
66 161870.0 163682.0 163777 207 4177189
67 161878.0 163682.0 163777 207 4235125
68 162073.0 163682.0 163777 207 4293634
69 160263.0 163682.0 163777 207 4351739
70 159889.0 163682.0 163777 207 4409305
71 162282.0 163682.0 163777 207 4467749
72 163109.0 163682.0 163777 207 4525312
73 159743.0 163682.0 163777 207 4585734
74 160921.0 163682.0 163777 207 4643368
75 160626.0 163682.0 163777 207 4700890
76 160760.0 163682.0 163777 207 4758223
77 159746.0 163682.0 163777 207 4815607
78 162609.0 163682.0 163777 207 4873219
79 161374.0 163682.0 163777 207 4931860
80 160807.0 163682.0 163777 207 4990442
81 164737.0 164737.0 164835 209 5056475
82 162590.0 164737.0 164835 209 5116150
83 160852.0 164737.0 164835 209 5173977
84 163094.0 164737.0 164835 209 5253670
85 163582.0 164737.0 164835 209 5315214
86 161437.0 164737.0 164835 209 5379010
87 161202.0 164737.0 164835 209 5438189
88 162075.0 164737.0 164835 209 5497591
89 162481.0 164737.0 164835 209 5556472
90 163219.0 164737.0 164835 209 5618608
91 162160.0 164737.0 164835 209 5680031
92 161131.0 164737.0 164835 209 5747880
93 161715.0 164737.0 164835 209 5823364
94 161652.0 164737.0 164835 209 5886625
95 163911.0 164737.0 164835 209 5945294
96 163621.0 164737.0 164835 209 6004678
97 165861.0 165861.0 165964 211 6063378
98 162385.0 165861.0 165964 211 6121587
99 161775.0 165861.0 165964 211 6190433
100 163809.0 165861.0 165964 211 6247995
101 162302.0 165861.0 165964 211 6305240
102 161639.0 165861.0 165964 211 6362614
103 162061.0 165861.0 165964 211 6420153
104 161307.0 165861.0 165964 211 6478617
105 163585.0 165861.0 165964 211 6537458
106 162696.0 165861.0 165964 211 6594605
107 160393.0 165861.0 165964 211 6653785
108 160926.0 165861.0 165964 211 6711289
109 162052.0 165861.0 165964 211 6769741
110 163021.0 165861.0 165964 211 6835295
111 162412.0 165861.0 165964 211 6892990
112 162180.0 165861.0 165964 211 6949847
113 161587.0 165861.0 165964 211 7006912
114 160433.0 165861.0 165964 211 7063853
115 160944.0 165861.0 165964 211 7121127
116 160034.0 165861.0 165964 211 7178538
117 162089.0 165861.0 165964 211 7236213
118 163233.0 165861.0 165964 211 7294155
119 161185.0 165861.0 165964 211 7352200
120 164397.0 165861.0 165964 211 7409746
121 162322.0 165861.0 165964 211 7467407
122 160876.0 165861.0 165964 211 7525211
123 160978.0 165861.0 165964 211 7582721
124 160181.0 165861.0 165964 211 7640144
125 162639.0 165861.0 165964 211 7697153
126 161379.0 165861.0 165964 211 7754356
127 162225.0 165861.0 165964 211 7811477
128 162145.0 165861.0 165964 211 7868371
129 163158.0 165861.0 165964 211 7925310
130 163589.0 165861.0 165964 211 7982242
131 162590.0 165861.0 165964 211 8039342
132 160456.0 165861.0 165964 211 8096717
133 163502.0 165861.0 165964 211 8154130
134 162869.0 165861.0 165964 211 8214890
135 163580.0 165861.0 165964 211 8273306
136 162846.0 165861.0 165964 211 8330479
137 166455.0 166455.0 166551 208 8387805
138 163738.0 166455.0 166551 208 8445056
139 162406.0 166455.0 166551 208 8504259
140 161985.0 166455.0 166551 208 8561841
141 161465.0 166455.0 166551 208 8618861
142 162708.0 166455.0 166551 208 8675740
143 163393.0 166455.0 166551 208 8733493
144 162267.0 166455.0 166551 208 8790943
145 163630.0 166455.0 166551 208 8850930
146 161580.0 166455.0 166551 208 8913600
147 161778.0 166455.0 166551 208 8971001
148 161141.0 166455.0 166551 208 9028349
149 163411.0 166455.0 166551 208 9085913
150 162215.0 166455.0 166551 208 9142923
151 161674.0 166455.0 166551 208 9199821
152 161523.0 166455.0 166551 208 9257155
153 163901.0 166455.0 166551 208 9313954
154 166954.0 166954.0 167194 209 9370644
155 162436.0 166954.0 167194 209 9427485
156 162886.0 166954.0 167194 209 9494053
157 164197.0 166954.0 167194 209 9550778
158 164361.0 166954.0 167194 209 9607404
159 161299.0 166954.0 167194 209 9665425
160 161887.0 166954.0 167194 209 9721953
161 164516.0 166954.0 167194 209 9778650
162 167590.0 167590.0 167704 212 9836036
163 169435.0 169435.0 169543 208 9893000
164 161965.0 169435.0 169543 208 9950413
165 162914.0 169435.0 169543 208 10006999
166 165467.0 169435.0 169543 208 10063752
167 166130.0 169435.0 169543 208 10119843
168 161570.0 169435.0 169543 208 10175874
169 166353.0 169435.0 169543 208 10231964
170 163277.0 169435.0 169543 208 10290082
171 162140.0 169435.0 169543 208 10346144
172 163163.0 169435.0 169543 208 10402267
173 161910.0 169435.0 169543 208 10459645
174 165978.0 169435.0 169543 208 10524297
175 165067.0 169435.0 169543 208 10585389
176 162585.0 169435.0 169543 208 10654295
177 165437.0 169435.0 169543 208 10718801
178 166129.0 169435.0 169543 208 10777394
179 164939.0 169435.0 169543 208 10835020
180 163707.0 169435.0 169543 208 10895705
181 162432.0 169435.0 169543 208 10956434
182 164713.0 169435.0 169543 208 11013797
183 165627.0 169435.0 169543 208 11070244
184 163843.0 169435.0 169543 208 11127005
185 166893.0 169435.0 169543 208 11184789
186 163990.0 169435.0 169543 208 11241742
187 164746.0 169435.0 169543 208 11299066
188 164692.0 169435.0 169543 208 11356188
189 163410.0 169435.0 169543 208 11412533
190 165490.0 169435.0 169543 208 11473886
191 163051.0 169435.0 169543 208 11530413
192 163114.0 169435.0 169543 208 11587319
193 165678.0 169435.0 169543 208 11671224
194 165445.0 169435.0 169543 208 11733156
195 164905.0 169435.0 169543 208 11789284
196 162736.0 169435.0 169543 208 11865656
197 165452.0 169435.0 169543 208 11935083
198 163642.0 169435.0 169543 208 12001669
199 166718.0 169435.0 169543 208 12073481
200 164998.0 169435.0 169543 208 12137693
number of contigs : 208
Output file created
RUN 3
-------------
Generated Seeded Population
Generated Diverse Population
0 145705.0 145705.0 146008
1 147045.0 147045.0 147150 220 23871
2 151051.0 151051.0 151153 218 96057
3 152681.0 152681.0 152782 225 163027
4 151228.0 152681.0 152782 225 229956
5 155550.0 155550.0 155665 217 296581
6 154428.0 155550.0 155665 217 363974
7 158923.0 158923.0 159023 215 430350
8 153955.0 158923.0 159023 215 496945
9 154341.0 158923.0 159023 215 563043
10 153278.0 158923.0 159023 215 629411
11 157686.0 158923.0 159023 215 694736
12 154152.0 158923.0 159023 215 760216
13 154718.0 158923.0 159023 215 825365
14 154658.0 158923.0 159023 215 893299
15 156171.0 158923.0 159023 215 959747
16 156474.0 158923.0 159023 215 1024976
17 156948.0 158923.0 159023 215 1089800
18 158164.0 158923.0 159023 215 1154508
19 158242.0 158923.0 159023 215 1219056
20 158914.0 158923.0 159023 215 1283523
21 158599.0 158923.0 159023 215 1349335
22 158261.0 158923.0 159023 215 1425410
23 154640.0 158923.0 159023 215 1498579
24 158416.0 158923.0 159023 215 1568642
25 159044.0 159044.0 159353 213 1634434
26 157144.0 159044.0 159353 213 1700047
27 160519.0 160519.0 160616 211 1776618
28 158416.0 160519.0 160616 211 1843081
29 160238.0 160519.0 160616 211 1909690
30 157693.0 160519.0 160616 211 1986687
31 158863.0 160519.0 160616 211 2051217
32 165532.0 165532.0 165859 213 2114937
33 159820.0 165532.0 165859 213 2178309
34 161212.0 165532.0 165859 213 2246414
35 162691.0 165532.0 165859 213 2314641
36 161546.0 165532.0 165859 213 2380711
37 162519.0 165532.0 165859 213 2457075
38 164630.0 165532.0 165859 213 2529093
39 160144.0 165532.0 165859 213 2591315
40 161945.0 165532.0 165859 213 2651867
41 160456.0 165532.0 165859 213 2712653
42 161634.0 165532.0 165859 213 2773073
43 163765.0 165532.0 165859 213 2833026
44 163296.0 165532.0 165859 213 2892801
45 162502.0 165532.0 165859 213 2952963
46 165792.0 165792.0 166057 218 3012617
47 163161.0 165792.0 166057 218 3080928
48 163685.0 165792.0 166057 218 3145068
49 162952.0 165792.0 166057 218 3205286
50 162276.0 165792.0 166057 218 3265566
51 167929.0 167929.0 168028 212 3323798
52 163062.0 167929.0 168028 212 3382287
53 166646.0 167929.0 168028 212 3442961
54 167410.0 167929.0 168028 212 3505090
55 166205.0 167929.0 168028 212 3566743
56 163459.0 167929.0 168028 212 3625245
57 165563.0 167929.0 168028 212 3683400
58 165927.0 167929.0 168028 212 3740965
59 172015.0 172015.0 172090 206 3798538
60 166423.0 172015.0 172090 206 3856155
61 164639.0 172015.0 172090 206 3922342
62 166535.0 172015.0 172090 206 3979966
63 165573.0 172015.0 172090 206 4037902
64 164925.0 172015.0 172090 206 4095496
65 164309.0 172015.0 172090 206 4152950
66 166585.0 172015.0 172090 206 4211247
67 164623.0 172015.0 172090 206 4268613
68 167568.0 172015.0 172090 206 4325995
69 166339.0 172015.0 172090 206 4383399
70 167759.0 172015.0 172090 206 4440903
71 167166.0 172015.0 172090 206 4498896
72 167268.0 172015.0 172090 206 4556059
73 165478.0 172015.0 172090 206 4614165
74 166383.0 172015.0 172090 206 4671843
75 168934.0 172015.0 172090 206 4728736
76 167119.0 172015.0 172090 206 4785808
77 167250.0 172015.0 172090 206 4843222
78 167778.0 172015.0 172090 206 4900466
79 171423.0 172015.0 172090 206 4966630
80 167159.0 172015.0 172090 206 5023794
81 166793.0 172015.0 172090 206 5080777
82 166783.0 172015.0 172090 206 5138095
83 167772.0 172015.0 172090 206 5195089
84 166305.0 172015.0 172090 206 5252556
85 169159.0 172015.0 172090 206 5311305
86 168911.0 172015.0 172090 206 5368153
87 166486.0 172015.0 172090 206 5425061
88 167501.0 172015.0 172090 206 5483168
89 166792.0 172015.0 172090 206 5543761
90 166786.0 172015.0 172090 206 5602946
91 169116.0 172015.0 172090 206 5659995
92 168810.0 172015.0 172090 206 5717731
93 167111.0 172015.0 172090 206 5774978
94 168729.0 172015.0 172090 206 5832903
95 167164.0 172015.0 172090 206 5890173
96 168079.0 172015.0 172090 206 5950216
97 168311.0 172015.0 172090 206 6011886
98 169262.0 172015.0 172090 206 6072409
99 166571.0 172015.0 172090 206 6131848
100 167745.0 172015.0 172090 206 6191396
101 166777.0 172015.0 172090 206 6249052
102 167833.0 172015.0 172090 206 6305846
103 167997.0 172015.0 172090 206 6363764
104 166416.0 172015.0 172090 206 6430542
105 167301.0 172015.0 172090 206 6492971
106 168348.0 172015.0 172090 206 6552897
107 167737.0 172015.0 172090 206 6613153
108 167429.0 172015.0 172090 206 6674676
109 166322.0 172015.0 172090 206 6737321
110 170970.0 172015.0 172090 206 6797981
111 166602.0 172015.0 172090 206 6857702
112 167259.0 172015.0 172090 206 6915722
113 167045.0 172015.0 172090 206 6979843
114 167963.0 172015.0 172090 206 7039306
115 169693.0 172015.0 172090 206 7097416
116 167839.0 172015.0 172090 206 7157703
117 173748.0 173748.0 173932 207 7217161
118 166322.0 173748.0 173932 207 7275591
119 165635.0 173748.0 173932 207 7334151
120 165919.0 173748.0 173932 207 7398120
121 169193.0 173748.0 173932 207 7457495
122 167209.0 173748.0 173932 207 7514974
123 170024.0 173748.0 173932 207 7579974
124 168840.0 173748.0 173932 207 7638447
125 168184.0 173748.0 173932 207 7696044
126 169135.0 173748.0 173932 207 7753484
127 169528.0 173748.0 173932 207 7811545
128 166061.0 173748.0 173932 207 7869081
129 167160.0 173748.0 173932 207 7941712
130 167688.0 173748.0 173932 207 8001317
131 175002.0 175002.0 175104 208 8059257
132 169866.0 175002.0 175104 208 8116702
133 169582.0 175002.0 175104 208 8174375
134 168795.0 175002.0 175104 208 8231881
135 168235.0 175002.0 175104 208 8290207
136 167647.0 175002.0 175104 208 8347683
137 167538.0 175002.0 175104 208 8404956
138 169162.0 175002.0 175104 208 8466979
139 168010.0 175002.0 175104 208 8530453
140 166824.0 175002.0 175104 208 8588789
141 169710.0 175002.0 175104 208 8646168
142 166866.0 175002.0 175104 208 8706400
143 167945.0 175002.0 175104 208 8767707
144 167086.0 175002.0 175104 208 8843202
145 167474.0 175002.0 175104 208 8900593
146 168833.0 175002.0 175104 208 8958225
147 171140.0 175002.0 175104 208 9015811
148 167775.0 175002.0 175104 208 9073037
149 167853.0 175002.0 175104 208 9133368
150 166777.0 175002.0 175104 208 9196142
151 168019.0 175002.0 175104 208 9253575
152 168802.0 175002.0 175104 208 9311234
153 168697.0 175002.0 175104 208 9368672
154 168443.0 175002.0 175104 208 9428738
155 168103.0 175002.0 175104 208 9486359
156 168669.0 175002.0 175104 208 9543749
157 170423.0 175002.0 175104 208 9601271
158 167857.0 175002.0 175104 208 9661348
159 167976.0 175002.0 175104 208 9720860
160 168404.0 175002.0 175104 208 9778218
161 168221.0 175002.0 175104 208 9835598
162 169119.0 175002.0 175104 208 9893191
163 166717.0 175002.0 175104 208 9950583
164 167386.0 175002.0 175104 208 10010471
165 169202.0 175002.0 175104 208 10078423
166 168906.0 175002.0 175104 208 10169359
167 168209.0 175002.0 175104 208 10255978
168 167690.0 175002.0 175104 208 10315622
169 169957.0 175002.0 175104 208 10376242
170 171217.0 175002.0 175104 208 10436013
171 171416.0 175002.0 175104 208 10499348
172 166669.0 175002.0 175104 208 10559257
173 168814.0 175002.0 175104 208 10618800
174 167441.0 175002.0 175104 208 10678538
175 169905.0 175002.0 175104 208 10737687
176 166793.0 175002.0 175104 208 10795501
177 168228.0 175002.0 175104 208 10853224
178 168698.0 175002.0 175104 208 10911780
179 167014.0 175002.0 175104 208 10972671
180 168981.0 175002.0 175104 208 11031191
181 172340.0 175002.0 175104 208 11088770
182 165780.0 175002.0 175104 208 11146024
183 168570.0 175002.0 175104 208 11202624
184 169231.0 175002.0 175104 208 11259327
185 167576.0 175002.0 175104 208 11330879
186 166105.0 175002.0 175104 208 11397168
187 169453.0 175002.0 175104 208 11459707
188 170720.0 175002.0 175104 208 11522041
189 169082.0 175002.0 175104 208 11586356
190 168862.0 175002.0 175104 208 11657929
191 167930.0 175002.0 175104 208 11717482
192 167463.0 175002.0 175104 208 11776378
193 167585.0 175002.0 175104 208 11834386
194 170285.0 175002.0 175104 208 11892494
195 167853.0 175002.0 175104 208 11955757
196 170090.0 175002.0 175104 208 12014684
197 167602.0 175002.0 175104 208 12072255
198 168546.0 175002.0 175104 208 12130162
199 168966.0 175002.0 175104 208 12194788
200 170047.0 175002.0 175104 208 12252217
number of contigs : 208
Output file created
RUN 4
-------------
Generated Seeded Population
Generated Diverse Population
0 140706.0 140706.0 140822
1 147525.0 147525.0 147633 219 23740
2 150658.0 150658.0 150765 213 90915
3 150480.0 150658.0 150765 213 163673
4 152732.0 152732.0 152870 214 231854
5 151930.0 152732.0 152870 214 327279
6 154854.0 154854.0 154953 217 406043
7 154225.0 154854.0 154953 217 477078
8 154692.0 154854.0 154953 217 545320
9 151448.0 154854.0 154953 217 621912
10 152585.0 154854.0 154953 217 699339
11 155448.0 155448.0 155571 221 766281
12 156861.0 156861.0 156959 216 836189
13 157227.0 157227.0 157318 215 901400
14 158575.0 158575.0 158660 214 968506
15 157041.0 158575.0 158660 214 1033267
16 158409.0 158575.0 158660 214 1096802
17 159950.0 159950.0 160035 213 1159885
18 160050.0 160050.0 160364 213 1229564
19 156115.0 160050.0 160364 213 1292310
20 159411.0 160050.0 160364 213 1357301
21 158155.0 160050.0 160364 213 1424440
22 156094.0 160050.0 160364 213 1489729
23 158987.0 160050.0 160364 213 1562773
24 161365.0 161365.0 161471 213 1625723
25 157419.0 161365.0 161471 213 1692907
26 162097.0 162097.0 162361 215 1761704
27 158222.0 162097.0 162361 215 1823293
28 159590.0 162097.0 162361 215 1885345
29 159297.0 162097.0 162361 215 1947190
30 158842.0 162097.0 162361 215 2009640
31 158351.0 162097.0 162361 215 2072187
32 159578.0 162097.0 162361 215 2133666
33 161040.0 162097.0 162361 215 2195505
34 159973.0 162097.0 162361 215 2256719
35 160778.0 162097.0 162361 215 2320968
36 159633.0 162097.0 162361 215 2384270
37 159998.0 162097.0 162361 215 2445553
38 161580.0 162097.0 162361 215 2507261
39 161975.0 162097.0 162361 215 2569686
40 161007.0 162097.0 162361 215 2630929
41 159397.0 162097.0 162361 215 2692213
42 160320.0 162097.0 162361 215 2753154
43 159412.0 162097.0 162361 215 2814058
44 160604.0 162097.0 162361 215 2874740
45 160022.0 162097.0 162361 215 2935657
46 163159.0 163159.0 163255 215 2996096
47 161011.0 163159.0 163255 215 3057378
48 162245.0 163159.0 163255 215 3118291
49 160919.0 163159.0 163255 215 3178666
50 163080.0 163159.0 163255 215 3239118
51 161802.0 163159.0 163255 215 3304353
52 165592.0 165592.0 165770 211 3364426
53 162918.0 165592.0 165770 211 3427525
54 163503.0 165592.0 165770 211 3496713
55 163117.0 165592.0 165770 211 3563613
56 162993.0 165592.0 165770 211 3627253
57 165727.0 165727.0 165849 213 3690690
58 163590.0 165727.0 165849 213 3753283
59 164532.0 165727.0 165849 213 3819970
60 165921.0 165921.0 166029 219 3883515
61 163773.0 165921.0 166029 219 3945085
62 164694.0 165921.0 166029 219 4015788
63 164120.0 165921.0 166029 219 4080299
64 164273.0 165921.0 166029 219 4141958
65 164770.0 165921.0 166029 219 4205938
66 163866.0 165921.0 166029 219 4265589
67 167961.0 167961.0 168078 210 4324674
68 164532.0 167961.0 168078 210 4393554
69 164700.0 167961.0 168078 210 4467524
70 167742.0 167961.0 168078 210 4526540
71 167159.0 167961.0 168078 210 4586189
72 164695.0 167961.0 168078 210 4647947
73 166765.0 167961.0 168078 210 4722011
74 166503.0 167961.0 168078 210 4780699
75 167183.0 167961.0 168078 210 4839096
76 165445.0 167961.0 168078 210 4907287
77 167843.0 167961.0 168078 210 4975870
78 168320.0 168320.0 168400 202 5034876
79 167296.0 168320.0 168400 202 5093501
80 166150.0 168320.0 168400 202 5152171
81 166594.0 168320.0 168400 202 5210299
82 166403.0 168320.0 168400 202 5268570
83 167828.0 168320.0 168400 202 5330052
84 164945.0 168320.0 168400 202 5395288
85 166032.0 168320.0 168400 202 5456283
86 166224.0 168320.0 168400 202 5515505
87 170618.0 170618.0 170933 208 5577704
88 165633.0 170618.0 170933 208 5636846
89 165586.0 170618.0 170933 208 5696930
90 167392.0 170618.0 170933 208 5756471
91 165816.0 170618.0 170933 208 5815246
92 166590.0 170618.0 170933 208 5875473
93 165124.0 170618.0 170933 208 5934224
94 168770.0 170618.0 170933 208 5992394
95 165823.0 170618.0 170933 208 6050466
96 169806.0 170618.0 170933 208 6109006
97 167803.0 170618.0 170933 208 6167358
98 169054.0 170618.0 170933 208 6225981
99 166758.0 170618.0 170933 208 6283890
100 171424.0 171424.0 171508 205 6341568
101 166472.0 171424.0 171508 205 6403254
102 167641.0 171424.0 171508 205 6461433
103 166246.0 171424.0 171508 205 6519730
104 168082.0 171424.0 171508 205 6577182
105 166545.0 171424.0 171508 205 6634925
106 167446.0 171424.0 171508 205 6692193
107 167810.0 171424.0 171508 205 6749603
108 171414.0 171424.0 171508 205 6807304
109 169245.0 171424.0 171508 205 6864494
110 170285.0 171424.0 171508 205 6923879
111 169697.0 171424.0 171508 205 6980622
112 167106.0 171424.0 171508 205 7038442
113 171524.0 171524.0 171622 208 7095477
114 168853.0 171524.0 171622 208 7152784
115 168270.0 171524.0 171622 208 7210877
116 171288.0 171524.0 171622 208 7268668
117 171774.0 171774.0 171860 208 7337465
118 171412.0 171774.0 171860 208 7394765
119 170447.0 171774.0 171860 208 7452369
120 169946.0 171774.0 171860 208 7517314
121 172538.0 172538.0 172791 208 7578028
122 171462.0 172538.0 172791 208 7641763
123 168805.0 172538.0 172791 208 7698806
124 169804.0 172538.0 172791 208 7770307
125 169655.0 172538.0 172791 208 7827167
126 171733.0 172538.0 172791 208 7883931
127 171971.0 172538.0 172791 208 7943124
128 172293.0 172538.0 172791 208 7999495
129 169685.0 172538.0 172791 208 8055888
130 171401.0 172538.0 172791 208 8112255
131 172098.0 172538.0 172791 208 8168615
132 171370.0 172538.0 172791 208 8224871
133 173499.0 173499.0 173799 208 8281757
134 171539.0 173499.0 173799 208 8342911
135 170523.0 173499.0 173799 208 8399965
136 171378.0 173499.0 173799 208 8456578
137 172861.0 173499.0 173799 208 8513353
138 170716.0 173499.0 173799 208 8577674
139 171766.0 173499.0 173799 208 8639936
140 173453.0 173499.0 173799 208 8706827
141 171041.0 173499.0 173799 208 8771270
142 169945.0 173499.0 173799 208 8828970
143 171658.0 173499.0 173799 208 8885301
144 172488.0 173499.0 173799 208 8944925
145 171163.0 173499.0 173799 208 9001553
146 172004.0 173499.0 173799 208 9058475
147 170726.0 173499.0 173799 208 9114842
148 171191.0 173499.0 173799 208 9177991
149 173228.0 173499.0 173799 208 9239775
150 171693.0 173499.0 173799 208 9302686
151 175244.0 175244.0 175349 207 9363612
152 171905.0 175244.0 175349 207 9423163
153 171446.0 175244.0 175349 207 9482150
154 172327.0 175244.0 175349 207 9542170
155 177206.0 177206.0 177295 201 9602066
156 170590.0 177206.0 177295 201 9659668
157 173595.0 177206.0 177295 201 9717556
158 172038.0 177206.0 177295 201 9775682
159 171859.0 177206.0 177295 201 9833358
160 171690.0 177206.0 177295 201 9891010
161 172217.0 177206.0 177295 201 9949919
162 172594.0 177206.0 177295 201 10006628
163 173108.0 177206.0 177295 201 10064109
164 169740.0 177206.0 177295 201 10130921
165 171552.0 177206.0 177295 201 10188034
166 174081.0 177206.0 177295 201 10244743
167 170583.0 177206.0 177295 201 10301463
168 174910.0 177206.0 177295 201 10368785
169 172893.0 177206.0 177295 201 10430160
170 170989.0 177206.0 177295 201 10490592
171 174356.0 177206.0 177295 201 10548670
172 172327.0 177206.0 177295 201 10604694
173 170694.0 177206.0 177295 201 10661315
174 171768.0 177206.0 177295 201 10719439
175 172417.0 177206.0 177295 201 10789162
176 174752.0 177206.0 177295 201 10857655
177 171473.0 177206.0 177295 201 10913599
178 171490.0 177206.0 177295 201 10968853
179 172182.0 177206.0 177295 201 11024010
180 172507.0 177206.0 177295 201 11085698
181 172219.0 177206.0 177295 201 11141681
182 172805.0 177206.0 177295 201 11197557
183 178148.0 178148.0 178237 201 11262534
184 174325.0 178148.0 178237 201 11332474
185 173399.0 178148.0 178237 201 11388548
186 174227.0 178148.0 178237 201 11464899
187 170155.0 178148.0 178237 201 11529983
188 172768.0 178148.0 178237 201 11597633
189 172983.0 178148.0 178237 201 11662076
190 172672.0 178148.0 178237 201 11718543
191 173460.0 178148.0 178237 201 11777558
192 171406.0 178148.0 178237 201 11833056
193 173744.0 178148.0 178237 201 11888673
194 172246.0 178148.0 178237 201 11944507
195 173668.0 178148.0 178237 201 12001011
196 173329.0 178148.0 178237 201 12074242
197 172631.0 178148.0 178237 201 12168961
198 171960.0 178148.0 178237 201 12230340
199 172163.0 178148.0 178237 201 12294367
200 172723.0 178148.0 178237 201 12353953
number of contigs : 201
Output file created
RUN 5
-------------
Generated Seeded Population
Generated Diverse Population
0 143822.0 143822.0 144087
1 149765.0 149765.0 149885 220 25528
2 149693.0 149765.0 149885 220 95788
3 150768.0 150768.0 150885 218 187470
4 152109.0 152109.0 152210 217 258417
5 152199.0 152199.0 152281 219 334393
6 152857.0 152857.0 152944 222 402357
7 153662.0 153662.0 153918 222 470503
8 157343.0 157343.0 157516 214 536263
9 154245.0 157343.0 157516 214 601743
10 153769.0 157343.0 157516 214 666530
11 155886.0 157343.0 157516 214 732891
12 153400.0 157343.0 157516 214 799246
13 156602.0 157343.0 157516 214 866921
14 156982.0 157343.0 157516 214 935998
15 156760.0 157343.0 157516 214 1021644
16 155925.0 157343.0 157516 214 1087638
17 155326.0 157343.0 157516 214 1152163
18 158066.0 158066.0 158180 223 1216678
19 159468.0 159468.0 159578 214 1281004
20 158551.0 159468.0 159578 214 1344788
21 158390.0 159468.0 159578 214 1407937
22 160447.0 160447.0 160596 221 1484340
23 162966.0 162966.0 163073 215 1552186
24 159896.0 162966.0 163073 215 1617554
25 158919.0 162966.0 163073 215 1687407
26 164446.0 164446.0 164569 210 1761859
27 163494.0 164446.0 164569 210 1825610
28 162050.0 164446.0 164569 210 1888543
29 164219.0 164446.0 164569 210 1950710
30 164236.0 164446.0 164569 210 2012870
31 162879.0 164446.0 164569 210 2073898
32 164784.0 164784.0 164896 217 2134906
33 165942.0 165942.0 166058 212 2205568
34 164469.0 165942.0 166058 212 2271041
35 165209.0 165942.0 166058 212 2331751
36 164073.0 165942.0 166058 212 2396251
37 166441.0 166441.0 166839 215 2456793
38 164761.0 166441.0 166839 215 2516198
39 164238.0 166441.0 166839 215 2584658
40 165646.0 166441.0 166839 215 2643740
41 165126.0 166441.0 166839 215 2702989
42 165779.0 166441.0 166839 215 2763763
43 167045.0 167045.0 167136 212 2843252
44 168055.0 168055.0 168160 217 2915929
45 169433.0 169433.0 169544 213 2980865
46 166103.0 169433.0 169544 213 3043956
47 167223.0 169433.0 169544 213 3107986
48 167082.0 169433.0 169544 213 3200249
49 164979.0 169433.0 169544 213 3270530
50 167560.0 169433.0 169544 213 3338982
51 167317.0 169433.0 169544 213 3398851
52 165300.0 169433.0 169544 213 3458957
53 165745.0 169433.0 169544 213 3518152
54 166933.0 169433.0 169544 213 3577013
55 165558.0 169433.0 169544 213 3634916
56 168263.0 169433.0 169544 213 3692721
57 166278.0 169433.0 169544 213 3750089
58 167303.0 169433.0 169544 213 3819625
59 168672.0 169433.0 169544 213 3889286
60 169053.0 169433.0 169544 213 3951469
61 169152.0 169433.0 169544 213 4014099
62 169010.0 169433.0 169544 213 4076711
63 168727.0 169433.0 169544 213 4143896
64 167651.0 169433.0 169544 213 4204183
65 168281.0 169433.0 169544 213 4273815
66 168915.0 169433.0 169544 213 4333845
67 167392.0 169433.0 169544 213 4395059
68 168859.0 169433.0 169544 213 4455461
69 167706.0 169433.0 169544 213 4522119
70 168829.0 169433.0 169544 213 4584457
71 168388.0 169433.0 169544 213 4643293
72 173738.0 173738.0 173842 209 4702204
73 165802.0 173738.0 173842 209 4767039
74 167241.0 173738.0 173842 209 4829150
75 169904.0 173738.0 173842 209 4888979
76 169779.0 173738.0 173842 209 4957567
77 168359.0 173738.0 173842 209 5021011
78 171068.0 173738.0 173842 209 5082742
79 170779.0 173738.0 173842 209 5143150
80 167600.0 173738.0 173842 209 5207367
81 168981.0 173738.0 173842 209 5273539
82 168628.0 173738.0 173842 209 5337391
83 166906.0 173738.0 173842 209 5403027
84 169482.0 173738.0 173842 209 5472033
85 169376.0 173738.0 173842 209 5539963
86 168866.0 173738.0 173842 209 5606641
87 171618.0 173738.0 173842 209 5690522
88 168530.0 173738.0 173842 209 5770817
89 170123.0 173738.0 173842 209 5836152
90 170169.0 173738.0 173842 209 5901290
91 169527.0 173738.0 173842 209 5967339
92 169506.0 173738.0 173842 209 6030143
93 168315.0 173738.0 173842 209 6088233
94 170356.0 173738.0 173842 209 6150533
95 169454.0 173738.0 173842 209 6216216
96 170820.0 173738.0 173842 209 6296190
97 168561.0 173738.0 173842 209 6357318
98 168082.0 173738.0 173842 209 6419300
99 170468.0 173738.0 173842 209 6481577
100 171164.0 173738.0 173842 209 6544943
101 170834.0 173738.0 173842 209 6607448
102 168783.0 173738.0 173842 209 6666996
103 170579.0 173738.0 173842 209 6730014
104 171270.0 173738.0 173842 209 6794492
105 169509.0 173738.0 173842 209 6853060
106 169792.0 173738.0 173842 209 6912595
107 169644.0 173738.0 173842 209 6971625
108 169362.0 173738.0 173842 209 7030699
109 170204.0 173738.0 173842 209 7089673
110 169889.0 173738.0 173842 209 7148069
111 170465.0 173738.0 173842 209 7206894
112 172113.0 173738.0 173842 209 7265708
113 170139.0 173738.0 173842 209 7331338
114 169669.0 173738.0 173842 209 7388787
115 168812.0 173738.0 173842 209 7446344
116 172979.0 173738.0 173842 209 7504471
117 167751.0 173738.0 173842 209 7562439
118 171326.0 173738.0 173842 209 7619759
119 170432.0 173738.0 173842 209 7678956
120 173594.0 173738.0 173842 209 7739256
121 169899.0 173738.0 173842 209 7803903
122 168404.0 173738.0 173842 209 7860928
123 171476.0 173738.0 173842 209 7920907
124 168708.0 173738.0 173842 209 7982326
125 169263.0 173738.0 173842 209 8045796
126 169418.0 173738.0 173842 209 8108002
127 171164.0 173738.0 173842 209 8169752
128 171965.0 173738.0 173842 209 8234450
129 167933.0 173738.0 173842 209 8300182
130 172924.0 173738.0 173842 209 8360891
131 170295.0 173738.0 173842 209 8427875
132 169731.0 173738.0 173842 209 8491455
133 173678.0 173738.0 173842 209 8562996
134 172298.0 173738.0 173842 209 8632286
135 170335.0 173738.0 173842 209 8692065
136 171006.0 173738.0 173842 209 8758725
137 170804.0 173738.0 173842 209 8823574
138 170231.0 173738.0 173842 209 8886078
139 169870.0 173738.0 173842 209 8954154
140 173749.0 173749.0 173840 210 9015535
141 172575.0 173749.0 173840 210 9073459
142 172004.0 173749.0 173840 210 9130774
143 172163.0 173749.0 173840 210 9187921
144 170001.0 173749.0 173840 210 9245292
145 170048.0 173749.0 173840 210 9302235
146 171438.0 173749.0 173840 210 9359028
147 172804.0 173749.0 173840 210 9415913
148 168805.0 173749.0 173840 210 9472269
149 169354.0 173749.0 173840 210 9528576
150 171305.0 173749.0 173840 210 9585364
151 171383.0 173749.0 173840 210 9642063
152 173120.0 173749.0 173840 210 9698544
153 171516.0 173749.0 173840 210 9755015
154 170884.0 173749.0 173840 210 9811401
155 174422.0 174422.0 174504 213 9867886
156 170684.0 174422.0 174504 213 9923952
157 170044.0 174422.0 174504 213 9980080
158 171356.0 174422.0 174504 213 10036670
159 172299.0 174422.0 174504 213 10093280
160 170286.0 174422.0 174504 213 10149497
161 171271.0 174422.0 174504 213 10205806
162 172886.0 174422.0 174504 213 10262585
163 171493.0 174422.0 174504 213 10319692
164 169993.0 174422.0 174504 213 10379737
165 171805.0 174422.0 174504 213 10449959
166 173808.0 174422.0 174504 213 10513473
167 170940.0 174422.0 174504 213 10572372
168 171585.0 174422.0 174504 213 10630814
169 170880.0 174422.0 174504 213 10689193
170 170603.0 174422.0 174504 213 10747163
171 170036.0 174422.0 174504 213 10805999
172 172999.0 174422.0 174504 213 10888310
173 171251.0 174422.0 174504 213 10949585
174 170497.0 174422.0 174504 213 11006426
175 173154.0 174422.0 174504 213 11067176
176 170931.0 174422.0 174504 213 11123987
177 169111.0 174422.0 174504 213 11195292
178 170705.0 174422.0 174504 213 11256374
179 170752.0 174422.0 174504 213 11312588
180 170468.0 174422.0 174504 213 11368691
181 173677.0 174422.0 174504 213 11424878
182 173404.0 174422.0 174504 213 11482513
183 169712.0 174422.0 174504 213 11538904
184 172687.0 174422.0 174504 213 11595027
185 173564.0 174422.0 174504 213 11651424
186 174289.0 174422.0 174504 213 11707846
187 173047.0 174422.0 174504 213 11767389
188 174518.0 174518.0 174616 213 11825050
189 171243.0 174518.0 174616 213 11885572
190 170716.0 174518.0 174616 213 11945724
191 171462.0 174518.0 174616 213 12004848
192 171880.0 174518.0 174616 213 12063365
193 170592.0 174518.0 174616 213 12121825
194 171773.0 174518.0 174616 213 12181141
195 171214.0 174518.0 174616 213 12244099
196 170227.0 174518.0 174616 213 12301966
197 171435.0 174518.0 174616 213 12359228
198 170577.0 174518.0 174616 213 12416711
199 171560.0 174518.0 174616 213 12475772
200 178582.0 178582.0 178761 206 12534192
number of contigs : 206
Output file created
RUN 6
-------------
Generated Seeded Population
Generated Diverse Population
0 142834.0 142834.0 142926
1 147479.0 147479.0 147586 222 23883
2 149923.0 149923.0 150016 215 91547
3 150952.0 150952.0 151158 218 159261
4 150431.0 150952.0 151158 218 226982
5 153405.0 153405.0 153491 215 294776
6 151538.0 153405.0 153491 215 368048
7 152802.0 153405.0 153491 215 444048
8 154525.0 154525.0 154624 216 512466
9 160099.0 160099.0 160188 211 591265
10 154217.0 160099.0 160188 211 667888
11 154927.0 160099.0 160188 211 736875
12 155081.0 160099.0 160188 211 815496
13 153444.0 160099.0 160188 211 888334
14 154270.0 160099.0 160188 211 955907
15 157707.0 160099.0 160188 211 1028661
16 156426.0 160099.0 160188 211 1097579
17 156883.0 160099.0 160188 211 1164723
18 155135.0 160099.0 160188 211 1229779
19 156837.0 160099.0 160188 211 1295642
20 156540.0 160099.0 160188 211 1362231
21 159667.0 160099.0 160188 211 1427091
22 155014.0 160099.0 160188 211 1491791
23 159034.0 160099.0 160188 211 1559265
24 156607.0 160099.0 160188 211 1623602
25 157971.0 160099.0 160188 211 1687611
26 157664.0 160099.0 160188 211 1751522
27 160220.0 160220.0 160653 214 1815899
28 159585.0 160220.0 160653 214 1879748
29 159432.0 160220.0 160653 214 1943313
30 156925.0 160220.0 160653 214 2006513
31 160063.0 160220.0 160653 214 2069786
32 159411.0 160220.0 160653 214 2133403
33 159302.0 160220.0 160653 214 2198791
34 158882.0 160220.0 160653 214 2268326
35 158727.0 160220.0 160653 214 2345926
36 159753.0 160220.0 160653 214 2422295
37 159224.0 160220.0 160653 214 2494364
38 160140.0 160220.0 160653 214 2563103
39 159604.0 160220.0 160653 214 2626843
40 160114.0 160220.0 160653 214 2699080
41 160131.0 160220.0 160653 214 2761882
42 162912.0 162912.0 163213 214 2824009
43 161568.0 162912.0 163213 214 2886212
44 160799.0 162912.0 163213 214 2953162
45 161578.0 162912.0 163213 214 3015456
46 161458.0 162912.0 163213 214 3077280
47 163576.0 163576.0 163758 209 3144552
48 163068.0 163576.0 163758 209 3221098
49 161953.0 163576.0 163758 209 3283318
50 161987.0 163576.0 163758 209 3353502
51 161512.0 163576.0 163758 209 3415011
52 161178.0 163576.0 163758 209 3476622
53 162991.0 163576.0 163758 209 3569230
54 164986.0 164986.0 165098 214 3637147
55 164267.0 164986.0 165098 214 3702476
56 162060.0 164986.0 165098 214 3767301
57 164570.0 164986.0 165098 214 3831082
58 170313.0 170313.0 170426 207 3893495
59 166720.0 170313.0 170426 207 3955376
60 162801.0 170313.0 170426 207 4016971
61 162435.0 170313.0 170426 207 4077733
62 162990.0 170313.0 170426 207 4138980
63 163721.0 170313.0 170426 207 4209765
64 165206.0 170313.0 170426 207 4277076
65 164273.0 170313.0 170426 207 4353278
66 163145.0 170313.0 170426 207 4413907
67 170763.0 170763.0 170861 204 4473634
68 164762.0 170763.0 170861 204 4532717
69 164300.0 170763.0 170861 204 4591927
70 163797.0 170763.0 170861 204 4650934
71 165324.0 170763.0 170861 204 4710127
72 164456.0 170763.0 170861 204 4775782
73 165170.0 170763.0 170861 204 4839048
74 165275.0 170763.0 170861 204 4901943
75 163251.0 170763.0 170861 204 4964023
76 163845.0 170763.0 170861 204 5025442
77 166752.0 170763.0 170861 204 5087515
78 167119.0 170763.0 170861 204 5149601
79 164629.0 170763.0 170861 204 5211448
80 164090.0 170763.0 170861 204 5272958
81 167409.0 170763.0 170861 204 5339238
82 164524.0 170763.0 170861 204 5400511
83 165488.0 170763.0 170861 204 5461101
84 168137.0 170763.0 170861 204 5521861
85 162852.0 170763.0 170861 204 5583060
86 163096.0 170763.0 170861 204 5653425
87 167751.0 170763.0 170861 204 5728866
88 164972.0 170763.0 170861 204 5790895
89 164344.0 170763.0 170861 204 5851067
90 164005.0 170763.0 170861 204 5909978
91 167273.0 170763.0 170861 204 5968465
92 170853.0 170853.0 170955 214 6026904
93 164237.0 170853.0 170955 214 6085964
94 167998.0 170853.0 170955 214 6156633
95 168488.0 170853.0 170955 214 6214995
96 165327.0 170853.0 170955 214 6273408
97 169180.0 170853.0 170955 214 6333880
98 170062.0 170853.0 170955 214 6392579
99 167922.0 170853.0 170955 214 6451270
100 164563.0 170853.0 170955 214 6509391
101 168603.0 170853.0 170955 214 6567374
102 165618.0 170853.0 170955 214 6625514
103 165747.0 170853.0 170955 214 6684427
104 166051.0 170853.0 170955 214 6744774
105 167395.0 170853.0 170955 214 6802824
106 166756.0 170853.0 170955 214 6860430
107 167625.0 170853.0 170955 214 6917721
108 167911.0 170853.0 170955 214 6975919
109 170244.0 170853.0 170955 214 7035504
110 166576.0 170853.0 170955 214 7100895
111 168017.0 170853.0 170955 214 7160732
112 168830.0 170853.0 170955 214 7217892
113 167471.0 170853.0 170955 214 7274953
114 169100.0 170853.0 170955 214 7332091
115 167599.0 170853.0 170955 214 7389160
116 168944.0 170853.0 170955 214 7446079
117 166143.0 170853.0 170955 214 7502868
118 170907.0 170907.0 171011 208 7559731
119 168114.0 170907.0 171011 208 7616519
120 165748.0 170907.0 171011 208 7680036
121 166106.0 170907.0 171011 208 7742632
122 166055.0 170907.0 171011 208 7817803
123 166295.0 170907.0 171011 208 7889282
124 168268.0 170907.0 171011 208 7968144
125 165909.0 170907.0 171011 208 8033847
126 166674.0 170907.0 171011 208 8092548
127 168411.0 170907.0 171011 208 8150503
128 167596.0 170907.0 171011 208 8211835
129 167670.0 170907.0 171011 208 8269442
130 171138.0 171138.0 171232 207 8327179
131 168374.0 171138.0 171232 207 8385600
132 169154.0 171138.0 171232 207 8442950
133 167226.0 171138.0 171232 207 8499711
134 166793.0 171138.0 171232 207 8556486
135 168387.0 171138.0 171232 207 8617858
136 169094.0 171138.0 171232 207 8679098
137 169195.0 171138.0 171232 207 8739452
138 168109.0 171138.0 171232 207 8801879
139 171540.0 171540.0 171646 206 8894057
140 167367.0 171540.0 171646 206 8962305
141 165867.0 171540.0 171646 206 9026640
142 168403.0 171540.0 171646 206 9088743
143 169931.0 171540.0 171646 206 9151360
144 169480.0 171540.0 171646 206 9216242
145 167439.0 171540.0 171646 206 9274480
146 171172.0 171540.0 171646 206 9332859
147 167841.0 171540.0 171646 206 9391281
148 167637.0 171540.0 171646 206 9450475
149 169329.0 171540.0 171646 206 9510713
150 167776.0 171540.0 171646 206 9576757
151 170352.0 171540.0 171646 206 9641460
152 170604.0 171540.0 171646 206 9699279
153 167359.0 171540.0 171646 206 9757110
154 168169.0 171540.0 171646 206 9815013
155 169754.0 171540.0 171646 206 9872951
156 167359.0 171540.0 171646 206 9930479
157 168990.0 171540.0 171646 206 9988298
158 168274.0 171540.0 171646 206 10045994
159 168464.0 171540.0 171646 206 10105678
160 171680.0 171680.0 171766 207 10166791
161 167270.0 171680.0 171766 207 10225127
162 166991.0 171680.0 171766 207 10281979
163 169796.0 171680.0 171766 207 10339048
164 170664.0 171680.0 171766 207 10395843
165 167096.0 171680.0 171766 207 10452693
166 168048.0 171680.0 171766 207 10509589
167 167664.0 171680.0 171766 207 10566726
168 170951.0 171680.0 171766 207 10623564
169 167026.0 171680.0 171766 207 10684263
170 169112.0 171680.0 171766 207 10746624
171 167993.0 171680.0 171766 207 10804330
172 168151.0 171680.0 171766 207 10863643
173 169000.0 171680.0 171766 207 10920058
174 170373.0 171680.0 171766 207 10976426
175 171096.0 171680.0 171766 207 11033913
176 168376.0 171680.0 171766 207 11090785
177 169666.0 171680.0 171766 207 11147127
178 169041.0 171680.0 171766 207 11204415
179 168924.0 171680.0 171766 207 11262033
180 169919.0 171680.0 171766 207 11325821
181 170972.0 171680.0 171766 207 11386766
182 170338.0 171680.0 171766 207 11448467
183 171084.0 171680.0 171766 207 11514152
184 170151.0 171680.0 171766 207 11573292
185 173875.0 173875.0 173986 206 11630353
186 168966.0 173875.0 173986 206 11691064
187 168605.0 173875.0 173986 206 11747925
188 169006.0 173875.0 173986 206 11808157
189 168181.0 173875.0 173986 206 11869386
190 170657.0 173875.0 173986 206 11925625
191 167554.0 173875.0 173986 206 11981649
192 171306.0 173875.0 173986 206 12038585
193 169729.0 173875.0 173986 206 12094625
194 168660.0 173875.0 173986 206 12150561
195 171031.0 173875.0 173986 206 12219920
196 169083.0 173875.0 173986 206 12275615
197 167306.0 173875.0 173986 206 12331787
198 170960.0 173875.0 173986 206 12387876
199 171197.0 173875.0 173986 206 12443799
200 170026.0 173875.0 173986 206 12499663
number of contigs : 206
Output file created
RUN 7
-------------
Generated Seeded Population
Generated Diverse Population
0 143711.0 143711.0 144039
1 149917.0 149917.0 150095 218 23786
2 152490.0 152490.0 152785 215 104419
3 150684.0 152490.0 152785 215 171504
4 156036.0 156036.0 156139 216 238095
5 152664.0 156036.0 156139 216 305908
6 153479.0 156036.0 156139 216 376051
7 155582.0 156036.0 156139 216 446644
8 153225.0 156036.0 156139 216 518799
9 155126.0 156036.0 156139 216 587500
10 153758.0 156036.0 156139 216 654415
11 154719.0 156036.0 156139 216 727611
12 155418.0 156036.0 156139 216 794624
13 154397.0 156036.0 156139 216 862538
14 158255.0 158255.0 158348 216 944149
15 155349.0 158255.0 158348 216 1014464
16 155931.0 158255.0 158348 216 1083104
17 156672.0 158255.0 158348 216 1150073
18 155593.0 158255.0 158348 216 1218161
19 156276.0 158255.0 158348 216 1284274
20 156667.0 158255.0 158348 216 1349755
21 157905.0 158255.0 158348 216 1414364
22 159574.0 159574.0 159662 211 1484523
23 159609.0 159609.0 159722 215 1560654
24 158939.0 159609.0 159722 215 1631517
25 161049.0 161049.0 161149 210 1699782
26 157199.0 161049.0 161149 210 1763279
27 159380.0 161049.0 161149 210 1829022
28 160668.0 161049.0 161149 210 1896549
29 162331.0 162331.0 162431 213 1962969
30 159201.0 162331.0 162431 213 2024882
31 160008.0 162331.0 162431 213 2086181
32 160688.0 162331.0 162431 213 2147604
33 160257.0 162331.0 162431 213 2208625
34 162210.0 162331.0 162431 213 2270323
35 162142.0 162331.0 162431 213 2343069
36 160984.0 162331.0 162431 213 2404042
37 163193.0 163193.0 163284 213 2464912
38 162545.0 163193.0 163284 213 2526501
39 164497.0 164497.0 164582 209 2586137
40 164075.0 164497.0 164582 209 2645775
41 163027.0 164497.0 164582 209 2708999
42 164775.0 164775.0 164864 210 2768929
43 164122.0 164775.0 164864 210 2828320
44 163363.0 164775.0 164864 210 2887730
45 161730.0 164775.0 164864 210 2946587
46 163494.0 164775.0 164864 210 3005742
47 163650.0 164775.0 164864 210 3064663
48 162102.0 164775.0 164864 210 3123437
49 163404.0 164775.0 164864 210 3182645
50 166601.0 166601.0 166689 213 3241654
51 163294.0 166601.0 166689 213 3301364
52 166516.0 166601.0 166689 213 3375098
53 164222.0 166601.0 166689 213 3434614
54 165482.0 166601.0 166689 213 3493732
55 163733.0 166601.0 166689 213 3554298
56 162734.0 166601.0 166689 213 3612988
57 167963.0 167963.0 168277 210 3673593
58 164457.0 167963.0 168277 210 3732311
59 167335.0 167963.0 168277 210 3791084
60 168912.0 168912.0 169002 210 3857645
61 164566.0 168912.0 169002 210 3927217
62 165961.0 168912.0 169002 210 3986924
63 166373.0 168912.0 169002 210 4045220
64 166560.0 168912.0 169002 210 4103990
65 165387.0 168912.0 169002 210 4162079
66 165641.0 168912.0 169002 210 4220288
67 165286.0 168912.0 169002 210 4278601
68 167583.0 168912.0 169002 210 4343970
69 165935.0 168912.0 169002 210 4402188
70 166968.0 168912.0 169002 210 4468635
71 166266.0 168912.0 169002 210 4541263
72 165976.0 168912.0 169002 210 4605557
73 169799.0 169799.0 169897 213 4668660
74 167525.0 169799.0 169897 213 4728811
75 166797.0 169799.0 169897 213 4786905
76 167070.0 169799.0 169897 213 4844194
77 168208.0 169799.0 169897 213 4901937
78 167483.0 169799.0 169897 213 4959349
79 166997.0 169799.0 169897 213 5016485
80 168047.0 169799.0 169897 213 5073532
81 171294.0 171294.0 171398 210 5130619
82 167130.0 171294.0 171398 210 5187712
83 167254.0 171294.0 171398 210 5245095
84 169092.0 171294.0 171398 210 5302799
85 166263.0 171294.0 171398 210 5360768
86 166571.0 171294.0 171398 210 5417596
87 169150.0 171294.0 171398 210 5474419
88 168588.0 171294.0 171398 210 5531601
89 169116.0 171294.0 171398 210 5591249
90 168459.0 171294.0 171398 210 5656333
91 168909.0 171294.0 171398 210 5718919
92 168857.0 171294.0 171398 210 5781427
93 167665.0 171294.0 171398 210 5838335
94 168576.0 171294.0 171398 210 5895329
95 172653.0 172653.0 172740 203 5953077
96 168288.0 172653.0 172740 203 6011894
97 169646.0 172653.0 172740 203 6072437
98 168917.0 172653.0 172740 203 6130354
99 170112.0 172653.0 172740 203 6190717
100 168364.0 172653.0 172740 203 6247186
101 167792.0 172653.0 172740 203 6303536
102 167870.0 172653.0 172740 203 6360663
103 168289.0 172653.0 172740 203 6418189
104 170131.0 172653.0 172740 203 6482901
105 167830.0 172653.0 172740 203 6547399
106 170721.0 172653.0 172740 203 6603913
107 169184.0 172653.0 172740 203 6661880
108 168608.0 172653.0 172740 203 6718333
109 167641.0 172653.0 172740 203 6774584
110 171395.0 172653.0 172740 203 6831054
111 169164.0 172653.0 172740 203 6887714
112 168921.0 172653.0 172740 203 6944399
113 169379.0 172653.0 172740 203 7000909
114 169213.0 172653.0 172740 203 7057403
115 170172.0 172653.0 172740 203 7113613
116 171265.0 172653.0 172740 203 7169607
117 169784.0 172653.0 172740 203 7225717
118 171016.0 172653.0 172740 203 7281973
119 173294.0 173294.0 173377 207 7338384
120 168568.0 173294.0 173377 207 7394986
121 169848.0 173294.0 173377 207 7452085
122 167934.0 173294.0 173377 207 7509130
123 170431.0 173294.0 173377 207 7566522
124 169051.0 173294.0 173377 207 7627465
125 168460.0 173294.0 173377 207 7684084
126 167801.0 173294.0 173377 207 7740541
127 168570.0 173294.0 173377 207 7799678
128 168472.0 173294.0 173377 207 7861067
129 171295.0 173294.0 173377 207 7927113
130 170730.0 173294.0 173377 207 7991103
131 169471.0 173294.0 173377 207 8047027
132 168493.0 173294.0 173377 207 8105862
133 169331.0 173294.0 173377 207 8169123
134 167491.0 173294.0 173377 207 8225951
135 171574.0 173294.0 173377 207 8282455
136 170687.0 173294.0 173377 207 8350599
137 168653.0 173294.0 173377 207 8409341
138 168597.0 173294.0 173377 207 8466069
139 169323.0 173294.0 173377 207 8522359
140 170030.0 173294.0 173377 207 8578851
141 169406.0 173294.0 173377 207 8638135
142 168360.0 173294.0 173377 207 8699395
143 168290.0 173294.0 173377 207 8755990
144 168068.0 173294.0 173377 207 8814109
145 168607.0 173294.0 173377 207 8870794
146 171852.0 173294.0 173377 207 8928073
147 172302.0 173294.0 173377 207 8984618
148 169754.0 173294.0 173377 207 9041852
149 169255.0 173294.0 173377 207 9106832
150 169791.0 173294.0 173377 207 9165557
151 169858.0 173294.0 173377 207 9222726
152 171672.0 173294.0 173377 207 9279644
153 172109.0 173294.0 173377 207 9341622
154 171197.0 173294.0 173377 207 9402184
155 172800.0 173294.0 173377 207 9458916
156 172160.0 173294.0 173377 207 9516379
157 173115.0 173294.0 173377 207 9577150
158 170546.0 173294.0 173377 207 9635030
159 169242.0 173294.0 173377 207 9696297
160 169302.0 173294.0 173377 207 9759412
161 170112.0 173294.0 173377 207 9823183
162 170835.0 173294.0 173377 207 9886253
163 170710.0 173294.0 173377 207 9949850
164 168110.0 173294.0 173377 207 10008336
165 169338.0 173294.0 173377 207 10065497
166 169499.0 173294.0 173377 207 10123246
167 169731.0 173294.0 173377 207 10179717
168 169763.0 173294.0 173377 207 10236393
169 169919.0 173294.0 173377 207 10292761
170 174101.0 174101.0 174193 203 10349338
171 171698.0 174101.0 174193 203 10405696
172 170415.0 174101.0 174193 203 10462289
173 169678.0 174101.0 174193 203 10519638
174 170756.0 174101.0 174193 203 10576983
175 168982.0 174101.0 174193 203 10633897
176 171571.0 174101.0 174193 203 10690142
177 171476.0 174101.0 174193 203 10747058
178 169234.0 174101.0 174193 203 10804589
179 170689.0 174101.0 174193 203 10862064
180 174080.0 174101.0 174193 203 10918683
181 169802.0 174101.0 174193 203 10975206
182 168271.0 174101.0 174193 203 11032061
183 168973.0 174101.0 174193 203 11089026
184 170678.0 174101.0 174193 203 11150659
185 169985.0 174101.0 174193 203 11210212
186 172456.0 174101.0 174193 203 11266879
187 175228.0 175228.0 175345 204 11323137
188 169458.0 175228.0 175345 204 11381469
189 170548.0 175228.0 175345 204 11452378
190 171785.0 175228.0 175345 204 11518269
191 170413.0 175228.0 175345 204 11579724
192 169994.0 175228.0 175345 204 11637088
193 171787.0 175228.0 175345 204 11700474
194 170548.0 175228.0 175345 204 11763211
195 170158.0 175228.0 175345 204 11819808
196 168047.0 175228.0 175345 204 11884951
197 172204.0 175228.0 175345 204 11949644
198 171864.0 175228.0 175345 204 12009839
199 170003.0 175228.0 175345 204 12066507
200 172217.0 175228.0 175345 204 12128787
number of contigs : 204
Output file created
RUN 8
-------------
Generated Seeded Population
Generated Diverse Population
0 141044.0 141044.0 141156
1 147188.0 147188.0 147317 228 24661
2 149677.0 149677.0 149787 223 95265
3 152353.0 152353.0 152451 220 163274
4 150828.0 152353.0 152451 220 230588
5 152277.0 152353.0 152451 220 297492
6 154000.0 154000.0 154425 207 364095
7 152434.0 154000.0 154425 207 431571
8 151629.0 154000.0 154425 207 497834
9 152403.0 154000.0 154425 207 564829
10 155688.0 155688.0 155802 217 630633
11 154276.0 155688.0 155802 217 696338
12 153594.0 155688.0 155802 217 762714
13 155623.0 155688.0 155802 217 831487
14 154557.0 155688.0 155802 217 910773
15 156410.0 156410.0 156525 218 983805
16 155357.0 156410.0 156525 218 1058548
17 154803.0 156410.0 156525 218 1130789
18 155376.0 156410.0 156525 218 1205895
19 157425.0 157425.0 157500 217 1270154
20 156823.0 157425.0 157500 217 1343198
21 156626.0 157425.0 157500 217 1411054
22 155139.0 157425.0 157500 217 1475218
23 157459.0 157459.0 157557 212 1538993
24 158837.0 158837.0 158933 221 1602539
25 156861.0 158837.0 158933 221 1670153
26 159617.0 159617.0 159723 221 1736938
27 158828.0 159617.0 159723 221 1809029
28 158692.0 159617.0 159723 221 1872881
29 157632.0 159617.0 159723 221 1935369
30 158024.0 159617.0 159723 221 2003155
31 159585.0 159617.0 159723 221 2064797
32 159680.0 159680.0 159768 216 2130689
33 163527.0 163527.0 163618 212 2199133
34 161431.0 163527.0 163618 212 2263950
35 159932.0 163527.0 163618 212 2328172
36 165318.0 165318.0 165414 216 2390761
37 162724.0 165318.0 165414 216 2450906
38 161674.0 165318.0 165414 216 2517457
39 161925.0 165318.0 165414 216 2577121
40 162318.0 165318.0 165414 216 2635993
41 165617.0 165617.0 165788 217 2694935
42 163677.0 165617.0 165788 217 2753982
43 163279.0 165617.0 165788 217 2813282
44 164290.0 165617.0 165788 217 2871662
45 164285.0 165617.0 165788 217 2930002
46 161439.0 165617.0 165788 217 2988741
47 165516.0 165617.0 165788 217 3047725
48 163161.0 165617.0 165788 217 3106559
49 164522.0 165617.0 165788 217 3165284
50 164132.0 165617.0 165788 217 3226802
51 164886.0 165617.0 165788 217 3286089
52 164364.0 165617.0 165788 217 3346523
53 163566.0 165617.0 165788 217 3404661
54 165765.0 165765.0 165942 213 3463692
55 164083.0 165765.0 165942 213 3521886
56 166620.0 166620.0 166721 213 3588852
57 165968.0 166620.0 166721 213 3647565
58 164677.0 166620.0 166721 213 3706910
59 167249.0 167249.0 167358 214 3765264
60 165980.0 167249.0 167358 214 3826132
61 165680.0 167249.0 167358 214 3884414
62 165582.0 167249.0 167358 214 3942200
63 166206.0 167249.0 167358 214 4000376
64 167448.0 167448.0 167559 212 4058343
65 167811.0 167811.0 167906 206 4116257
66 165385.0 167811.0 167906 206 4174148
67 165419.0 167811.0 167906 206 4232093
68 167863.0 167863.0 167972 212 4289958
69 167498.0 167863.0 167972 212 4352361
70 167624.0 167863.0 167972 212 4416476
71 167621.0 167863.0 167972 212 4478531
72 167782.0 167863.0 167972 212 4539911
73 168435.0 168435.0 168529 210 4598009
74 165714.0 168435.0 168529 210 4655574
75 167800.0 168435.0 168529 210 4713611
76 168175.0 168435.0 168529 210 4770873
77 169624.0 169624.0 169787 207 4828520
78 169042.0 169624.0 169787 207 4885715
79 170362.0 170362.0 170591 210 4945332
80 169250.0 170362.0 170591 210 5004060
81 167166.0 170362.0 170591 210 5066869
82 168220.0 170362.0 170591 210 5126489
83 170449.0 170449.0 170547 213 5184819
84 169220.0 170449.0 170547 213 5242108
85 170536.0 170536.0 170758 205 5300048
86 171054.0 171054.0 171139 207 5357710
87 166817.0 171054.0 171139 207 5427798
88 168718.0 171054.0 171139 207 5498956
89 167894.0 171054.0 171139 207 5560180
90 171197.0 171197.0 171278 201 5619573
91 167153.0 171197.0 171278 201 5679010
92 174334.0 174334.0 174429 207 5736866
93 167247.0 174334.0 174429 207 5798992
94 168876.0 174334.0 174429 207 5867769
95 169432.0 174334.0 174429 207 5930329
96 167984.0 174334.0 174429 207 5993942
97 171319.0 174334.0 174429 207 6052549
98 169095.0 174334.0 174429 207 6109825
99 169307.0 174334.0 174429 207 6167717
100 166808.0 174334.0 174429 207 6225032
101 168822.0 174334.0 174429 207 6282503
102 168628.0 174334.0 174429 207 6341927
103 166353.0 174334.0 174429 207 6400859
104 169441.0 174334.0 174429 207 6460327
105 171496.0 174334.0 174429 207 6519104
106 169305.0 174334.0 174429 207 6576160
107 170002.0 174334.0 174429 207 6633161
108 168350.0 174334.0 174429 207 6691622
109 169674.0 174334.0 174429 207 6756039
110 171221.0 174334.0 174429 207 6816053
111 170623.0 174334.0 174429 207 6874454
112 169493.0 174334.0 174429 207 6931425
113 167858.0 174334.0 174429 207 6992952
114 168770.0 174334.0 174429 207 7050298
115 169474.0 174334.0 174429 207 7106600
116 168750.0 174334.0 174429 207 7165935
117 167980.0 174334.0 174429 207 7225021
118 170165.0 174334.0 174429 207 7287498
119 170340.0 174334.0 174429 207 7344397
120 168590.0 174334.0 174429 207 7401260
121 168887.0 174334.0 174429 207 7457847
122 168281.0 174334.0 174429 207 7515098
123 169062.0 174334.0 174429 207 7574236
124 171697.0 174334.0 174429 207 7630771
125 168532.0 174334.0 174429 207 7687393
126 170008.0 174334.0 174429 207 7744468
127 172060.0 174334.0 174429 207 7801699
128 168099.0 174334.0 174429 207 7859045
129 169339.0 174334.0 174429 207 7929872
130 169870.0 174334.0 174429 207 7986638
131 168468.0 174334.0 174429 207 8043411
132 168861.0 174334.0 174429 207 8100673
133 170979.0 174334.0 174429 207 8163253
134 168939.0 174334.0 174429 207 8228202
135 170430.0 174334.0 174429 207 8284756
136 171509.0 174334.0 174429 207 8343099
137 169708.0 174334.0 174429 207 8403858
138 169528.0 174334.0 174429 207 8466992
139 170283.0 174334.0 174429 207 8523524
140 170845.0 174334.0 174429 207 8580567
141 169210.0 174334.0 174429 207 8637216
142 174263.0 174334.0 174429 207 8701097
143 172170.0 174334.0 174429 207 8763635
144 170518.0 174334.0 174429 207 8841720
145 177899.0 177899.0 178218 207 8906535
146 169615.0 177899.0 178218 207 8962964
147 170657.0 177899.0 178218 207 9026086
148 173717.0 177899.0 178218 207 9093086
149 168344.0 177899.0 178218 207 9151686
150 170581.0 177899.0 178218 207 9218255
151 170953.0 177899.0 178218 207 9274733
152 170363.0 177899.0 178218 207 9331267
153 170681.0 177899.0 178218 207 9393688
154 172366.0 177899.0 178218 207 9461489
155 172262.0 177899.0 178218 207 9523289
156 171522.0 177899.0 178218 207 9585341
157 174454.0 177899.0 178218 207 9651809
158 168747.0 177899.0 178218 207 9718117
159 171903.0 177899.0 178218 207 9774637
160 168436.0 177899.0 178218 207 9833997
161 168751.0 177899.0 178218 207 9889978
162 170330.0 177899.0 178218 207 9946471
163 170309.0 177899.0 178218 207 10013809
164 168842.0 177899.0 178218 207 10076009
165 169341.0 177899.0 178218 207 10136638
166 171318.0 177899.0 178218 207 10196155
167 170761.0 177899.0 178218 207 10258926
168 169801.0 177899.0 178218 207 10326908
169 168529.0 177899.0 178218 207 10388493
170 170346.0 177899.0 178218 207 10446216
171 171819.0 177899.0 178218 207 10504228
172 175570.0 177899.0 178218 207 10561007
173 173402.0 177899.0 178218 207 10617400
174 173999.0 177899.0 178218 207 10673916
175 171761.0 177899.0 178218 207 10734585
176 171500.0 177899.0 178218 207 10801231
177 169832.0 177899.0 178218 207 10860680
178 168934.0 177899.0 178218 207 10917091
179 172152.0 177899.0 178218 207 10974964
180 169894.0 177899.0 178218 207 11031066
181 169555.0 177899.0 178218 207 11089069
182 169955.0 177899.0 178218 207 11145624
183 170764.0 177899.0 178218 207 11201784
184 171525.0 177899.0 178218 207 11258343
185 169954.0 177899.0 178218 207 11315019
186 169941.0 177899.0 178218 207 11371676
187 172234.0 177899.0 178218 207 11428700
188 172030.0 177899.0 178218 207 11485468
189 169535.0 177899.0 178218 207 11541786
190 169547.0 177899.0 178218 207 11599655
191 169877.0 177899.0 178218 207 11667548
192 170796.0 177899.0 178218 207 11723887
193 172444.0 177899.0 178218 207 11780802
194 170614.0 177899.0 178218 207 11837486
195 171982.0 177899.0 178218 207 11894101
196 171928.0 177899.0 178218 207 11950861
197 171269.0 177899.0 178218 207 12007160
198 170640.0 177899.0 178218 207 12064726
199 171217.0 177899.0 178218 207 12120863
200 170772.0 177899.0 178218 207 12178701
number of contigs : 207
Output file created
RUN 9
-------------
Generated Seeded Population
Generated Diverse Population
0 143586.0 143586.0 143694
1 145276.0 145276.0 145380 225 23941
2 147644.0 147644.0 147755 223 92189
3 152302.0 152302.0 152405 220 159078
4 153573.0 153573.0 153757 216 226155
5 152739.0 153573.0 153757 216 293527
6 152061.0 153573.0 153757 216 362653
7 153310.0 153573.0 153757 216 429507
8 152857.0 153573.0 153757 216 495771
9 156483.0 156483.0 156594 221 562106
10 156814.0 156814.0 156905 216 627465
11 156004.0 156814.0 156905 216 693048
12 156327.0 156814.0 156905 216 758314
13 158435.0 158435.0 158534 214 822854
14 154941.0 158435.0 158534 214 886873
15 156374.0 158435.0 158534 214 951062
16 157703.0 158435.0 158534 214 1014685
17 160345.0 160345.0 160422 212 1077573
18 160140.0 160345.0 160422 212 1139372
19 159201.0 160345.0 160422 212 1203450
20 161568.0 161568.0 161742 213 1266358
21 160894.0 161568.0 161742 213 1342856
22 159475.0 161568.0 161742 213 1413459
23 159569.0 161568.0 161742 213 1483641
24 163065.0 163065.0 163335 215 1546768
25 165522.0 165522.0 165876 203 1606878
26 162563.0 165522.0 165876 203 1667622
27 164378.0 165522.0 165876 203 1727860
28 168903.0 168903.0 169208 209 1787832
29 164045.0 168903.0 169208 209 1849788
30 164395.0 168903.0 169208 209 1910536
31 165528.0 168903.0 169208 209 1970488
32 165144.0 168903.0 169208 209 2037735
33 165982.0 168903.0 169208 209 2098879
34 166048.0 168903.0 169208 209 2158599
35 165792.0 168903.0 169208 209 2222910
36 164501.0 168903.0 169208 209 2285952
37 168147.0 168903.0 169208 209 2346315
38 166763.0 168903.0 169208 209 2404803
39 167597.0 168903.0 169208 209 2463242
40 168178.0 168903.0 169208 209 2521979
41 166856.0 168903.0 169208 209 2580331
42 167723.0 168903.0 169208 209 2638619
43 165463.0 168903.0 169208 209 2698930
44 167344.0 168903.0 169208 209 2785921
45 169137.0 169137.0 169239 209 2847540
46 167131.0 169137.0 169239 209 2907280
47 167669.0 169137.0 169239 209 2966166
48 167729.0 169137.0 169239 209 3024937
49 164955.0 169137.0 169239 209 3083481
50 170924.0 170924.0 171237 204 3141933
51 167212.0 170924.0 171237 204 3203295
52 170391.0 170924.0 171237 204 3271026
53 167057.0 170924.0 171237 204 3328876
54 166255.0 170924.0 171237 204 3386771
55 165754.0 170924.0 171237 204 3444645
56 167167.0 170924.0 171237 204 3502505
57 169230.0 170924.0 171237 204 3561299
58 166917.0 170924.0 171237 204 3619490
59 172910.0 172910.0 173009 202 3680063
60 166280.0 172910.0 173009 202 3747353
61 167144.0 172910.0 173009 202 3805944
62 167190.0 172910.0 173009 202 3867984
63 169912.0 172910.0 173009 202 3941485
64 167427.0 172910.0 173009 202 4006194
65 166929.0 172910.0 173009 202 4069522
66 168015.0 172910.0 173009 202 4128803
67 170482.0 172910.0 173009 202 4186983
68 168942.0 172910.0 173009 202 4245254
69 166808.0 172910.0 173009 202 4302866
70 167328.0 172910.0 173009 202 4365334
71 167857.0 172910.0 173009 202 4423243
72 167033.0 172910.0 173009 202 4488868
73 171500.0 172910.0 173009 202 4551938
74 167933.0 172910.0 173009 202 4613770
75 167264.0 172910.0 173009 202 4672035
76 170465.0 172910.0 173009 202 4729816
77 168056.0 172910.0 173009 202 4787918
78 167664.0 172910.0 173009 202 4866496
79 167899.0 172910.0 173009 202 4930853
80 168320.0 172910.0 173009 202 4991748
81 167508.0 172910.0 173009 202 5057286
82 171037.0 172910.0 173009 202 5120856
83 170625.0 172910.0 173009 202 5179173
84 170443.0 172910.0 173009 202 5245822
85 170977.0 172910.0 173009 202 5304877
86 168700.0 172910.0 173009 202 5364388
87 167526.0 172910.0 173009 202 5423306
88 168427.0 172910.0 173009 202 5480909
89 168884.0 172910.0 173009 202 5540218
90 168965.0 172910.0 173009 202 5601996
91 169458.0 172910.0 173009 202 5663583
92 168864.0 172910.0 173009 202 5725312
93 169088.0 172910.0 173009 202 5782995
94 166286.0 172910.0 173009 202 5843192
95 167036.0 172910.0 173009 202 5904163
96 168278.0 172910.0 173009 202 5961552
97 172633.0 172910.0 173009 202 6018429
98 168753.0 172910.0 173009 202 6075775
99 167195.0 172910.0 173009 202 6140483
100 171090.0 172910.0 173009 202 6197611
101 168402.0 172910.0 173009 202 6254475
102 169242.0 172910.0 173009 202 6311742
103 171637.0 172910.0 173009 202 6369131
104 168453.0 172910.0 173009 202 6428973
105 171584.0 172910.0 173009 202 6486317
106 168858.0 172910.0 173009 202 6547547
107 168378.0 172910.0 173009 202 6604696
108 168604.0 172910.0 173009 202 6661845
109 169037.0 172910.0 173009 202 6720096
110 171710.0 172910.0 173009 202 6777875
111 170855.0 172910.0 173009 202 6835348
112 168763.0 172910.0 173009 202 6896848
113 170680.0 172910.0 173009 202 6954529
114 172585.0 172910.0 173009 202 7011440
115 169373.0 172910.0 173009 202 7068509
116 171074.0 172910.0 173009 202 7125490
117 172600.0 172910.0 173009 202 7183060
118 170190.0 172910.0 173009 202 7240493
119 170178.0 172910.0 173009 202 7297647
120 169808.0 172910.0 173009 202 7354327
121 168698.0 172910.0 173009 202 7415486
122 168202.0 172910.0 173009 202 7476556
123 169463.0 172910.0 173009 202 7533219
124 169744.0 172910.0 173009 202 7594768
125 168938.0 172910.0 173009 202 7657615
126 172151.0 172910.0 173009 202 7715088
127 169236.0 172910.0 173009 202 7771362
128 170802.0 172910.0 173009 202 7830065
129 176572.0 176572.0 176667 207 7887225
130 169797.0 176572.0 176667 207 7944142
131 170287.0 176572.0 176667 207 8001118
132 169411.0 176572.0 176667 207 8058701
133 170737.0 176572.0 176667 207 8115694
134 169902.0 176572.0 176667 207 8172597
135 173286.0 176572.0 176667 207 8230629
136 170742.0 176572.0 176667 207 8287805
137 170875.0 176572.0 176667 207 8347206
138 169030.0 176572.0 176667 207 8403721
139 172062.0 176572.0 176667 207 8459890
140 168907.0 176572.0 176667 207 8516478
141 169297.0 176572.0 176667 207 8573335
142 168538.0 176572.0 176667 207 8629827
143 169482.0 176572.0 176667 207 8687470
144 170938.0 176572.0 176667 207 8745233
145 167931.0 176572.0 176667 207 8801897
146 170237.0 176572.0 176667 207 8858232
147 169498.0 176572.0 176667 207 8921901
148 169020.0 176572.0 176667 207 8978956
149 170459.0 176572.0 176667 207 9035948
150 169712.0 176572.0 176667 207 9093623
151 172487.0 176572.0 176667 207 9150890
152 169849.0 176572.0 176667 207 9207761
153 170225.0 176572.0 176667 207 9275752
154 170858.0 176572.0 176667 207 9335180
155 169198.0 176572.0 176667 207 9401957
156 171098.0 176572.0 176667 207 9460251
157 170654.0 176572.0 176667 207 9530628
158 169176.0 176572.0 176667 207 9588998
159 168554.0 176572.0 176667 207 9647417
160 169955.0 176572.0 176667 207 9704795
161 170560.0 176572.0 176667 207 9763099
162 171186.0 176572.0 176667 207 9823150
163 169688.0 176572.0 176667 207 9884648
164 169646.0 176572.0 176667 207 9946232
165 170717.0 176572.0 176667 207 10005381
166 171229.0 176572.0 176667 207 10062995
167 169080.0 176572.0 176667 207 10119582
168 168505.0 176572.0 176667 207 10176492
169 170392.0 176572.0 176667 207 10243310
170 171203.0 176572.0 176667 207 10300443
171 171065.0 176572.0 176667 207 10359868
172 171579.0 176572.0 176667 207 10423479
173 169038.0 176572.0 176667 207 10483108
174 169726.0 176572.0 176667 207 10539812
175 169818.0 176572.0 176667 207 10596359
176 170617.0 176572.0 176667 207 10656105
177 172737.0 176572.0 176667 207 10714435
178 170205.0 176572.0 176667 207 10770911
179 171174.0 176572.0 176667 207 10828011
180 168960.0 176572.0 176667 207 10885469
181 170335.0 176572.0 176667 207 10941771
182 172071.0 176572.0 176667 207 10998081
183 169732.0 176572.0 176667 207 11054971
184 174024.0 176572.0 176667 207 11112335
185 172556.0 176572.0 176667 207 11169593
186 173918.0 176572.0 176667 207 11226665
187 171126.0 176572.0 176667 207 11284305
188 171386.0 176572.0 176667 207 11340948
189 168611.0 176572.0 176667 207 11397410
190 170271.0 176572.0 176667 207 11453783
191 170332.0 176572.0 176667 207 11510934
192 168712.0 176572.0 176667 207 11567987
193 168755.0 176572.0 176667 207 11624123
194 171959.0 176572.0 176667 207 11680305
195 169704.0 176572.0 176667 207 11736218
196 171103.0 176572.0 176667 207 11792324
197 171971.0 176572.0 176667 207 11848872
198 170970.0 176572.0 176667 207 11905809
199 170185.0 176572.0 176667 207 11962469
200 170569.0 176572.0 176667 207 12018850
number of contigs : 207
Output file created
RUN 10
-------------
Generated Seeded Population
Generated Diverse Population
0 142201.0 142201.0 142299
1 146119.0 146119.0 146432 224 23775
2 148682.0 148682.0 148783 221 98394
3 153087.0 153087.0 153285 216 166164
4 155351.0 155351.0 155438 214 233758
5 152401.0 155351.0 155438 214 300918
6 151540.0 155351.0 155438 214 376547
7 152418.0 155351.0 155438 214 446930
8 154365.0 155351.0 155438 214 513222
9 153075.0 155351.0 155438 214 579672
10 153425.0 155351.0 155438 214 645692
11 153534.0 155351.0 155438 214 711630
12 153974.0 155351.0 155438 214 778668
13 154815.0 155351.0 155438 214 850431
14 153505.0 155351.0 155438 214 919821
15 159112.0 159112.0 159201 218 991944
16 156400.0 159112.0 159201 218 1063342
17 154158.0 159112.0 159201 218 1128975
18 156580.0 159112.0 159201 218 1195920
19 153639.0 159112.0 159201 218 1262155
20 154397.0 159112.0 159201 218 1333080
21 156061.0 159112.0 159201 218 1412573
22 158232.0 159112.0 159201 218 1485684
23 156099.0 159112.0 159201 218 1560247
24 155372.0 159112.0 159201 218 1630018
25 155967.0 159112.0 159201 218 1696337
26 155404.0 159112.0 159201 218 1763889
27 157440.0 159112.0 159201 218 1833068
28 156329.0 159112.0 159201 218 1897100
29 157348.0 159112.0 159201 218 1960967
30 158568.0 159112.0 159201 218 2028210
31 155531.0 159112.0 159201 218 2092227
32 158393.0 159112.0 159201 218 2155630
33 159087.0 159112.0 159201 218 2218681
34 158666.0 159112.0 159201 218 2281557
35 158793.0 159112.0 159201 218 2344219
36 159372.0 159372.0 159482 211 2407063
37 162099.0 162099.0 162203 212 2469838
38 158768.0 162099.0 162203 212 2532584
39 157189.0 162099.0 162203 212 2595258
40 160031.0 162099.0 162203 212 2657451
41 158575.0 162099.0 162203 212 2719738
42 160502.0 162099.0 162203 212 2782275
43 161143.0 162099.0 162203 212 2843963
44 159940.0 162099.0 162203 212 2906339
45 159888.0 162099.0 162203 212 2967869
46 157985.0 162099.0 162203 212 3029538
47 159628.0 162099.0 162203 212 3103100
48 160465.0 162099.0 162203 212 3176177
49 159442.0 162099.0 162203 212 3261756
50 159998.0 162099.0 162203 212 3327412
51 160953.0 162099.0 162203 212 3389250
52 160201.0 162099.0 162203 212 3461075
53 159633.0 162099.0 162203 212 3524616
54 164698.0 164698.0 164820 204 3585757
55 163900.0 164698.0 164820 204 3646315
56 158919.0 164698.0 164820 204 3714477
57 159425.0 164698.0 164820 204 3794476
58 161619.0 164698.0 164820 204 3859062
59 160366.0 164698.0 164820 204 3921177
60 161657.0 164698.0 164820 204 3983609
61 165391.0 165391.0 165488 212 4048808
62 161204.0 165391.0 165488 212 4118577
63 164122.0 165391.0 165488 212 4182221
64 160295.0 165391.0 165488 212 4246388
65 162279.0 165391.0 165488 212 4317681
66 161894.0 165391.0 165488 212 4380097
67 161182.0 165391.0 165488 212 4441256
68 166336.0 166336.0 166516 205 4501582
69 164135.0 166336.0 166516 205 4561104
70 162243.0 166336.0 166516 205 4622643
71 163061.0 166336.0 166516 205 4686915
72 160170.0 166336.0 166516 205 4754196
73 160081.0 166336.0 166516 205 4823746
74 163369.0 166336.0 166516 205 4886725
75 161467.0 166336.0 166516 205 4947495
76 166013.0 166336.0 166516 205 5006793
77 164659.0 166336.0 166516 205 5066182
78 161607.0 166336.0 166516 205 5128984
79 165338.0 166336.0 166516 205 5219138
80 166021.0 166336.0 166516 205 5290710
81 163852.0 166336.0 166516 205 5360439
82 162353.0 166336.0 166516 205 5427942
83 162905.0 166336.0 166516 205 5487706
84 164105.0 166336.0 166516 205 5546649
85 162933.0 166336.0 166516 205 5605633
86 164723.0 166336.0 166516 205 5665309
87 164543.0 166336.0 166516 205 5731902
88 163531.0 166336.0 166516 205 5796986
89 161775.0 166336.0 166516 205 5858641
90 162135.0 166336.0 166516 205 5918053
91 166260.0 166336.0 166516 205 5976791
92 163333.0 166336.0 166516 205 6036055
93 162518.0 166336.0 166516 205 6095186
94 162145.0 166336.0 166516 205 6167926
95 162806.0 166336.0 166516 205 6233325
96 164425.0 166336.0 166516 205 6292568
97 162336.0 166336.0 166516 205 6351487
98 163389.0 166336.0 166516 205 6421838
99 164253.0 166336.0 166516 205 6481749
100 161650.0 166336.0 166516 205 6550697
101 164623.0 166336.0 166516 205 6617184
102 163177.0 166336.0 166516 205 6700082
103 163705.0 166336.0 166516 205 6769537
104 164049.0 166336.0 166516 205 6830663
105 162933.0 166336.0 166516 205 6889484
106 164146.0 166336.0 166516 205 6949109
107 164277.0 166336.0 166516 205 7013607
108 161857.0 166336.0 166516 205 7074303
109 164217.0 166336.0 166516 205 7134026
110 163511.0 166336.0 166516 205 7194164
111 161214.0 166336.0 166516 205 7253647
112 163401.0 166336.0 166516 205 7313055
113 162378.0 166336.0 166516 205 7372846
114 165796.0 166336.0 166516 205 7432954
115 162106.0 166336.0 166516 205 7492398
116 162191.0 166336.0 166516 205 7551668
117 168473.0 168473.0 168578 204 7614127
118 162389.0 168473.0 168578 204 7716670
119 164412.0 168473.0 168578 204 7777670
120 167094.0 168473.0 168578 204 7839069
121 166240.0 168473.0 168578 204 7900236
122 165261.0 168473.0 168578 204 7959314
123 163014.0 168473.0 168578 204 8019384
124 164717.0 168473.0 168578 204 8082944
125 164981.0 168473.0 168578 204 8156730
126 162622.0 168473.0 168578 204 8221590
127 164506.0 168473.0 168578 204 8281157
128 162280.0 168473.0 168578 204 8340477
129 164043.0 168473.0 168578 204 8399777
130 163729.0 168473.0 168578 204 8460163
131 165865.0 168473.0 168578 204 8520988
132 163787.0 168473.0 168578 204 8581171
133 162879.0 168473.0 168578 204 8642937
134 165284.0 168473.0 168578 204 8702287
135 161747.0 168473.0 168578 204 8761690
136 163449.0 168473.0 168578 204 8821007
137 165624.0 168473.0 168578 204 8883238
138 163788.0 168473.0 168578 204 8943079
139 162743.0 168473.0 168578 204 9002379
140 163165.0 168473.0 168578 204 9061513
141 164475.0 168473.0 168578 204 9125090
142 165337.0 168473.0 168578 204 9184225
143 165838.0 168473.0 168578 204 9243314
144 163435.0 168473.0 168578 204 9302045
145 162770.0 168473.0 168578 204 9360954
146 164244.0 168473.0 168578 204 9419874
147 164341.0 168473.0 168578 204 9480237
148 164433.0 168473.0 168578 204 9539329
149 163969.0 168473.0 168578 204 9598221
150 165689.0 168473.0 168578 204 9658620
151 165590.0 168473.0 168578 204 9718230
152 167774.0 168473.0 168578 204 9777658
153 168687.0 168687.0 168848 205 9837520
154 163265.0 168687.0 168848 205 9896391
155 164768.0 168687.0 168848 205 9956694
156 164287.0 168687.0 168848 205 10016010
157 163362.0 168687.0 168848 205 10075215
158 166151.0 168687.0 168848 205 10134551
159 164175.0 168687.0 168848 205 10193762
160 165844.0 168687.0 168848 205 10252336
161 167548.0 168687.0 168848 205 10311857
162 165000.0 168687.0 168848 205 10370401
163 164164.0 168687.0 168848 205 10432790
164 168138.0 168687.0 168848 205 10493250
165 167646.0 168687.0 168848 205 10552404
166 165031.0 168687.0 168848 205 10622654
167 163517.0 168687.0 168848 205 10681379
168 166728.0 168687.0 168848 205 10739768
169 164964.0 168687.0 168848 205 10800246
170 164495.0 168687.0 168848 205 10859454
171 165515.0 168687.0 168848 205 10917994
172 165044.0 168687.0 168848 205 10976988
173 165166.0 168687.0 168848 205 11035504
174 166644.0 168687.0 168848 205 11099911
175 169120.0 169120.0 169281 208 11166010
176 164815.0 169120.0 169281 208 11226330
177 167445.0 169120.0 169281 208 11305551
178 165688.0 169120.0 169281 208 11367914
179 163951.0 169120.0 169281 208 11427990
180 165928.0 169120.0 169281 208 11487963
181 165316.0 169120.0 169281 208 11555710
182 164236.0 169120.0 169281 208 11626120
183 164167.0 169120.0 169281 208 11704156
184 165462.0 169120.0 169281 208 11762107
185 164415.0 169120.0 169281 208 11819947
186 166144.0 169120.0 169281 208 11878675
187 165928.0 169120.0 169281 208 11936647
188 165576.0 169120.0 169281 208 11996485
189 163970.0 169120.0 169281 208 12066088
190 165287.0 169120.0 169281 208 12135503
191 166012.0 169120.0 169281 208 12205590
192 165188.0 169120.0 169281 208 12274471
193 166349.0 169120.0 169281 208 12333583
194 165960.0 169120.0 169281 208 12391971
195 165243.0 169120.0 169281 208 12450473
196 166213.0 169120.0 169281 208 12509303
197 164343.0 169120.0 169281 208 12572198
198 163610.0 169120.0 169281 208 12631605
199 167097.0 169120.0 169281 208 12690348
200 167111.0 169120.0 169281 208 12758566
number of contigs : 208
Output file created

real	2060m37.537s
user	1961m14.780s
sys	12m31.440s
