Overlap threshold (Auto-tuned):  81
Fragments, config read and store time: 2311 ms
RUN 1
-------------
Generated Seeded Population
Generated Diverse Population
0 69542.0 69542.0 69576
1 74132.0 74132.0 74155 126 12068
2 78327.0 78327.0 78362 117 70994
3 82582.0 82582.0 82687 103 123420
4 84912.0 84912.0 84937 98 174548
5 86587.0 86587.0 86601 100 235689
6 90762.0 90762.0 90772 97 286709
7 93190.0 93190.0 93211 84 340010
8 97236.0 97236.0 97242 74 393943
9 99590.0 99590.0 99600 69 440708
10 102381.0 102381.0 102389 61 486517
11 105604.0 105604.0 105611 59 534101
12 107904.0 107904.0 107916 51 580071
13 112348.0 112348.0 112351 37 622346
14 114198.0 114198.0 114203 32 664159
15 117890.0 117890.0 117897 28 705975
16 118711.0 118711.0 118713 25 746657
17 121212.0 121212.0 121216 17 784246
18 122389.0 122389.0 122396 12 821419
19 124259.0 124259.0 124263 10 858465
20 125868.0 125868.0 125872 7 894700
21 125928.0 125928.0 125930 5 930761
22 126225.0 126225.0 126227 5 966411
23 126586.0 126586.0 126587 5 1001510
24 127238.0 127238.0 127238 2 1040332
25 127377.0 127377.0 127377 2 1081620
26 127782.0 127782.0 127782 1 1122834
27 127794.0 127794.0 127794 1 1159704
28 127798.0 127798.0 127798 3 1195039
29 128242.0 128242.0 128243 3 1229174
30 128206.0 128242.0 128243 3 1263459
31 128633.0 128633.0 128633 1 1297891
32 128893.0 128893.0 128893 3 1332444
33 128578.0 128893.0 128893 3 1371487
34 128835.0 128893.0 128893 3 1408714
35 128632.0 128893.0 128893 3 1445273
36 129114.0 129114.0 129114 1 1484459
37 128962.0 129114.0 129114 1 1531589
38 129507.0 129507.0 129507 1 1567070
39 129516.0 129516.0 129516 1 1601674
40 129639.0 129639.0 129639 1 1636196
41 129510.0 129639.0 129639 1 1670438
42 129674.0 129674.0 129674 1 1706980
43 130177.0 130177.0 130177 1 1743764
44 129801.0 130177.0 130177 1 1779626
45 129712.0 130177.0 130177 1 1817732
46 129944.0 130177.0 130177 1 1854138
47 130106.0 130177.0 130177 1 1895410
48 130042.0 130177.0 130177 1 1931198
49 130679.0 130679.0 130679 1 1966961
50 130424.0 130679.0 130679 1 2002960
51 130606.0 130679.0 130679 1 2038461
52 130519.0 130679.0 130679 1 2074223
53 130792.0 130792.0 130792 1 2110075
54 131131.0 131131.0 131131 1 2145446
55 130896.0 131131.0 131131 1 2180806
56 131088.0 131131.0 131131 1 2215532
57 131216.0 131216.0 131216 1 2256001
58 131123.0 131216.0 131216 1 2295691
59 131550.0 131550.0 131550 1 2334392
60 131609.0 131609.0 131609 1 2369755
61 131472.0 131609.0 131609 1 2405019
62 131588.0 131609.0 131609 1 2439770
63 131693.0 131693.0 131693 1 2474034
64 132204.0 132204.0 132204 1 2508369
65 132106.0 132204.0 132204 1 2542578
66 132395.0 132395.0 132395 1 2577049
67 132618.0 132618.0 132618 1 2611244
68 132514.0 132618.0 132618 1 2645878
69 132606.0 132618.0 132618 1 2680394
70 132736.0 132736.0 132736 1 2714902
71 133010.0 133010.0 133010 1 2749120
72 133024.0 133024.0 133024 1 2783418
73 133057.0 133057.0 133057 1 2817854
74 133025.0 133057.0 133057 1 2851913
75 133301.0 133301.0 133301 1 2886367
76 133473.0 133473.0 133473 1 2922679
77 133303.0 133473.0 133473 1 2957113
78 133425.0 133473.0 133473 1 2991388
79 133594.0 133594.0 133594 1 3025456
80 133691.0 133691.0 133691 1 3059608
81 133675.0 133691.0 133691 1 3095866
82 133757.0 133757.0 133757 1 3130308
83 133785.0 133785.0 133785 1 3164423
84 133847.0 133847.0 133847 1 3199421
85 133981.0 133981.0 133981 1 3233417
86 134013.0 134013.0 134013 1 3267660
87 134241.0 134241.0 134241 1 3305779
88 134210.0 134241.0 134241 1 3342561
89 134232.0 134241.0 134241 1 3379550
90 134365.0 134365.0 134365 1 3415252
91 134440.0 134440.0 134440 1 3453143
92 134643.0 134643.0 134643 1 3490125
93 134724.0 134724.0 134724 1 3525488
94 134624.0 134724.0 134724 1 3570633
95 134597.0 134724.0 134724 1 3610391
96 134639.0 134724.0 134724 1 3663032
97 134782.0 134782.0 134782 1 3704568
98 134722.0 134782.0 134782 1 3739603
99 134922.0 134922.0 134922 1 3778347
100 134884.0 134922.0 134922 1 3821271
101 134981.0 134981.0 134981 1 3856691
102 135128.0 135128.0 135128 1 3892336
103 135223.0 135223.0 135223 1 3938848
104 135135.0 135223.0 135223 1 3985000
105 135233.0 135233.0 135233 1 4019060
106 135249.0 135249.0 135249 1 4052999
107 135413.0 135413.0 135413 1 4087047
108 135309.0 135413.0 135413 1 4139885
109 135276.0 135413.0 135413 1 4184586
110 135416.0 135416.0 135416 1 4218624
111 135457.0 135457.0 135457 1 4252866
112 135512.0 135512.0 135512 1 4286891
113 135486.0 135512.0 135512 1 4322574
114 135540.0 135540.0 135540 1 4357883
115 135618.0 135618.0 135618 1 4392101
116 135578.0 135618.0 135618 1 4426181
117 135614.0 135618.0 135618 1 4460341
118 135676.0 135676.0 135676 1 4494579
119 135916.0 135916.0 135916 1 4529124
120 135747.0 135916.0 135916 1 4568924
121 136030.0 136030.0 136030 1 4605066
122 136189.0 136189.0 136189 1 4644659
123 135996.0 136189.0 136189 1 4680674
124 136106.0 136189.0 136189 1 4719781
125 136018.0 136189.0 136189 1 4753859
126 136248.0 136248.0 136248 1 4787946
127 136379.0 136379.0 136379 1 4822911
128 136222.0 136379.0 136379 1 4857094
129 136216.0 136379.0 136379 1 4891321
130 136406.0 136406.0 136406 1 4925795
131 136255.0 136406.0 136406 1 4959756
132 136317.0 136406.0 136406 1 4993978
133 136390.0 136406.0 136406 1 5027883
134 136362.0 136406.0 136406 1 5061960
135 136547.0 136547.0 136547 1 5101985
136 136546.0 136547.0 136547 1 5136333
137 136457.0 136547.0 136547 1 5170278
138 136582.0 136582.0 136582 1 5214120
139 136618.0 136618.0 136618 1 5259543
140 136591.0 136618.0 136618 1 5293459
141 136638.0 136638.0 136638 1 5328753
142 136712.0 136712.0 136712 1 5371166
143 136723.0 136723.0 136723 1 5411483
144 136664.0 136723.0 136723 1 5457068
145 136562.0 136723.0 136723 1 5494042
146 136800.0 136800.0 136800 1 5530375
147 136666.0 136800.0 136800 1 5585913
148 136570.0 136800.0 136800 1 5630771
149 136758.0 136800.0 136800 1 5665943
150 136885.0 136885.0 136885 1 5700611
151 136777.0 136885.0 136885 1 5735452
152 136829.0 136885.0 136885 1 5770004
153 136847.0 136885.0 136885 1 5809873
154 136782.0 136885.0 136885 1 5847313
155 136945.0 136945.0 136945 1 5881443
156 136832.0 136945.0 136945 1 5919345
157 137187.0 137187.0 137187 1 5959577
158 137046.0 137187.0 137187 1 5998578
159 136910.0 137187.0 137187 1 6034157
160 136997.0 137187.0 137187 1 6070343
161 137126.0 137187.0 137187 1 6104945
162 137004.0 137187.0 137187 1 6139592
163 137203.0 137203.0 137203 1 6173712
164 136967.0 137203.0 137203 1 6208677
165 136972.0 137203.0 137203 1 6249152
166 137143.0 137203.0 137203 1 6284205
167 137072.0 137203.0 137203 1 6318493
168 137204.0 137204.0 137204 1 6353079
169 137076.0 137204.0 137204 1 6388018
170 137144.0 137204.0 137204 1 6422817
171 137263.0 137263.0 137263 1 6457582
172 137304.0 137304.0 137304 1 6494938
173 137197.0 137304.0 137304 1 6530855
174 137141.0 137304.0 137304 1 6567004
175 137192.0 137304.0 137304 1 6603077
176 137268.0 137304.0 137304 1 6637870
177 137607.0 137607.0 137607 1 6672297
178 137261.0 137607.0 137607 1 6706561
179 137370.0 137607.0 137607 1 6741084
180 137294.0 137607.0 137607 1 6776381
181 137270.0 137607.0 137607 1 6810683
182 137272.0 137607.0 137607 1 6844807
183 137270.0 137607.0 137607 1 6879137
184 137613.0 137613.0 137613 1 6913594
185 137353.0 137613.0 137613 1 6947817
186 137435.0 137613.0 137613 1 6982046
187 137312.0 137613.0 137613 1 7017375
188 137287.0 137613.0 137613 1 7052400
189 137447.0 137613.0 137613 1 7086764
190 137585.0 137613.0 137613 1 7122498
191 137449.0 137613.0 137613 1 7157187
192 137473.0 137613.0 137613 1 7191208
193 137622.0 137622.0 137622 1 7227203
194 137477.0 137622.0 137622 1 7271013
195 137609.0 137622.0 137622 1 7305304
196 137525.0 137622.0 137622 1 7339462
197 137493.0 137622.0 137622 1 7373578
198 137639.0 137639.0 137639 1 7407868
199 137584.0 137639.0 137639 1 7441993
200 137496.0 137639.0 137639 1 7476430
number of contigs : 1
Output file created
RUN 2
-------------
Generated Seeded Population
Generated Diverse Population
0 70020.0 70020.0 70037
1 73982.0 73982.0 74003 127 6763
2 76830.0 76830.0 76848 119 61930
3 82420.0 82420.0 82447 111 114121
4 84144.0 84144.0 84153 106 167439
5 86588.0 86588.0 86601 100 219064
6 91758.0 91758.0 91775 87 268880
7 92626.0 92626.0 92640 88 318369
8 96865.0 96865.0 96875 71 372333
9 99016.0 99016.0 99031 69 424304
10 101553.0 101553.0 101573 64 469653
11 105659.0 105659.0 105673 53 513834
12 108482.0 108482.0 108487 45 557426
13 110520.0 110520.0 110537 43 604152
14 113069.0 113069.0 113118 40 647584
15 115194.0 115194.0 115204 32 687956
16 117260.0 117260.0 117269 29 732765
17 118822.0 118822.0 118827 28 779682
18 120475.0 120475.0 120488 20 822994
19 122526.0 122526.0 122530 16 862428
20 122688.0 122688.0 122693 14 899382
21 123984.0 123984.0 123986 9 936824
22 124399.0 124399.0 124402 9 972862
23 124827.0 124827.0 124829 8 1008448
24 125306.0 125306.0 125308 7 1043817
25 125731.0 125731.0 125733 6 1088062
26 126156.0 126156.0 126197 4 1133562
27 126374.0 126374.0 126377 5 1173330
28 126384.0 126384.0 126384 5 1208789
29 126850.0 126850.0 126851 6 1244941
30 126896.0 126896.0 126896 4 1279624
31 127464.0 127464.0 127464 3 1314466
32 127570.0 127570.0 127570 2 1354120
33 127287.0 127570.0 127570 2 1389447
34 127595.0 127595.0 127595 2 1424240
35 127769.0 127769.0 127769 2 1458605
36 127702.0 127769.0 127769 2 1492551
37 128498.0 128498.0 128498 2 1526785
38 127758.0 128498.0 128498 2 1561452
39 128016.0 128498.0 128498 2 1596701
40 127933.0 128498.0 128498 2 1631496
41 128415.0 128498.0 128498 2 1665305
42 128127.0 128498.0 128498 2 1699708
43 128342.0 128498.0 128498 2 1741884
44 128474.0 128498.0 128498 2 1780066
45 128863.0 128863.0 128863 2 1814226
46 128497.0 128863.0 128863 2 1848477
47 128934.0 128934.0 128934 2 1882960
48 128824.0 128934.0 128934 2 1917422
49 128677.0 128934.0 128934 2 1954677
50 129126.0 129126.0 129126 1 1991389
51 129117.0 129126.0 129126 1 2032013
52 129265.0 129265.0 129265 1 2076253
53 129047.0 129265.0 129265 1 2112437
54 129202.0 129265.0 129265 1 2147699
55 129394.0 129394.0 129394 1 2182749
56 130146.0 130146.0 130146 1 2217034
57 130112.0 130146.0 130146 1 2251611
58 130344.0 130344.0 130344 1 2285835
59 130775.0 130775.0 130775 1 2320370
60 130272.0 130775.0 130775 1 2354907
61 130374.0 130775.0 130775 1 2389398
62 130453.0 130775.0 130775 1 2424899
63 130573.0 130775.0 130775 1 2459489
64 130716.0 130775.0 130775 1 2494755
65 130868.0 130868.0 130868 1 2537404
66 131027.0 131027.0 131027 1 2572637
67 131087.0 131087.0 131087 1 2607083
68 131168.0 131168.0 131168 1 2641739
69 131533.0 131533.0 131533 1 2676049
70 131260.0 131533.0 131533 1 2717921
71 131336.0 131533.0 131533 1 2752540
72 131836.0 131836.0 131836 1 2786889
73 131447.0 131836.0 131836 1 2821371
74 131557.0 131836.0 131836 1 2856375
75 131801.0 131836.0 131836 1 2890839
76 131718.0 131836.0 131836 1 2928940
77 131618.0 131836.0 131836 1 2964122
78 131745.0 131836.0 131836 1 3001059
79 131848.0 131848.0 131848 1 3040828
80 131746.0 131848.0 131848 1 3075568
81 131876.0 131876.0 131876 1 3109892
82 132229.0 132229.0 132229 1 3147433
83 131981.0 132229.0 132229 1 3185373
84 131985.0 132229.0 132229 1 3220312
85 132167.0 132229.0 132229 1 3254969
86 132493.0 132493.0 132493 1 3289205
87 132034.0 132493.0 132493 1 3325033
88 132485.0 132493.0 132493 1 3362661
89 132234.0 132493.0 132493 1 3396898
90 132691.0 132691.0 132691 1 3436714
91 132491.0 132691.0 132691 1 3473112
92 132451.0 132691.0 132691 1 3510109
93 133008.0 133008.0 133008 1 3547339
94 133009.0 133009.0 133009 1 3584239
95 132878.0 133009.0 133009 1 3620083
96 132960.0 133009.0 133009 1 3655200
97 133031.0 133031.0 133031 1 3690256
98 133211.0 133211.0 133211 1 3725110
99 133218.0 133218.0 133218 1 3760005
100 133147.0 133218.0 133218 1 3794704
101 133485.0 133485.0 133485 1 3829033
102 133222.0 133485.0 133485 1 3864058
103 133505.0 133505.0 133505 1 3907571
104 133159.0 133505.0 133505 1 3946150
105 133231.0 133505.0 133505 1 3981747
106 133268.0 133505.0 133505 1 4016594
107 133493.0 133505.0 133505 1 4050646
108 133493.0 133505.0 133505 1 4085173
109 133360.0 133505.0 133505 1 4120044
110 133566.0 133566.0 133566 1 4161796
111 133492.0 133566.0 133566 1 4198522
112 133526.0 133566.0 133566 1 4238612
113 133416.0 133566.0 133566 1 4274119
114 133660.0 133660.0 133660 1 4308380
115 133672.0 133672.0 133672 1 4342520
116 133783.0 133783.0 133783 1 4376953
117 133945.0 133945.0 133945 1 4410904
118 133780.0 133945.0 133945 1 4445292
119 134071.0 134071.0 134071 1 4479531
120 133784.0 134071.0 134071 1 4513716
121 133977.0 134071.0 134071 1 4547988
122 134077.0 134077.0 134077 1 4583408
123 134061.0 134077.0 134077 1 4618150
124 134131.0 134131.0 134131 1 4652513
125 134092.0 134131.0 134131 1 4686634
126 134306.0 134306.0 134306 1 4720858
127 134197.0 134306.0 134306 1 4763766
128 134376.0 134376.0 134376 1 4798798
129 134451.0 134451.0 134451 1 4832888
130 134373.0 134451.0 134451 1 4866825
131 134644.0 134644.0 134644 1 4902514
132 134440.0 134644.0 134644 1 4936837
133 134533.0 134644.0 134644 1 4970948
134 134697.0 134697.0 134697 1 5005236
135 134516.0 134697.0 134697 1 5046348
136 134642.0 134697.0 134697 1 5084276
137 134779.0 134779.0 134779 1 5122138
138 134672.0 134779.0 134779 1 5158292
139 134869.0 134869.0 134869 1 5200597
140 134988.0 134988.0 134988 1 5245633
141 134872.0 134988.0 134988 1 5283439
142 135205.0 135205.0 135205 1 5319362
143 135042.0 135205.0 135205 1 5355891
144 135088.0 135205.0 135205 1 5390208
145 135045.0 135205.0 135205 1 5424516
146 135266.0 135266.0 135266 1 5458894
147 135063.0 135266.0 135266 1 5495748
148 135112.0 135266.0 135266 1 5529744
149 135104.0 135266.0 135266 1 5564007
150 135069.0 135266.0 135266 1 5598483
151 135290.0 135290.0 135290 1 5632829
152 135171.0 135290.0 135290 1 5667064
153 135479.0 135479.0 135479 1 5702201
154 135520.0 135520.0 135520 1 5736496
155 135162.0 135520.0 135520 1 5770759
156 135341.0 135520.0 135520 1 5805062
157 135316.0 135520.0 135520 1 5842903
158 135475.0 135520.0 135520 1 5881759
159 135476.0 135520.0 135520 1 5917099
160 135499.0 135520.0 135520 1 5951828
161 135471.0 135520.0 135520 1 5993900
162 135502.0 135520.0 135520 1 6034273
163 135752.0 135752.0 135752 1 6070788
164 135685.0 135752.0 135752 1 6108544
165 135567.0 135752.0 135752 1 6149175
166 135661.0 135752.0 135752 1 6185286
167 135587.0 135752.0 135752 1 6221098
168 135636.0 135752.0 135752 1 6257092
169 135573.0 135752.0 135752 1 6292912
170 135787.0 135787.0 135787 1 6330258
171 135860.0 135860.0 135860 1 6369277
172 135720.0 135860.0 135860 1 6409380
173 135720.0 135860.0 135860 1 6445287
174 135847.0 135860.0 135860 1 6480964
175 135774.0 135860.0 135860 1 6515544
176 135857.0 135860.0 135860 1 6551579
177 135835.0 135860.0 135860 1 6587485
178 135881.0 135881.0 135881 1 6623511
179 136032.0 136032.0 136032 1 6659312
180 135982.0 136032.0 136032 1 6697193
181 136048.0 136048.0 136048 1 6738168
182 136028.0 136048.0 136048 1 6776987
183 136077.0 136077.0 136077 1 6816139
184 135920.0 136077.0 136077 1 6855220
185 135933.0 136077.0 136077 1 6904400
186 135985.0 136077.0 136077 1 6948598
187 136010.0 136077.0 136077 1 6987273
188 136062.0 136077.0 136077 1 7022646
189 135973.0 136077.0 136077 1 7057973
190 136147.0 136147.0 136147 1 7093547
191 136061.0 136147.0 136147 1 7129926
192 136175.0 136175.0 136175 1 7164310
193 136310.0 136310.0 136310 1 7198613
194 135970.0 136310.0 136310 1 7233000
195 136223.0 136310.0 136310 1 7267445
196 136111.0 136310.0 136310 1 7310463
197 136380.0 136380.0 136380 1 7344956
198 136419.0 136419.0 136419 1 7379027
199 136277.0 136419.0 136419 1 7414781
200 136254.0 136419.0 136419 1 7449186
number of contigs : 1
Output file created
RUN 3
-------------
Generated Seeded Population
Generated Diverse Population
0 69411.0 69411.0 69435
1 73842.0 73842.0 73862 121 6081
2 77953.0 77953.0 77985 115 58324
3 81627.0 81627.0 81647 110 109867
4 84173.0 84173.0 84183 107 160485
5 87261.0 87261.0 87280 94 210569
6 91537.0 91537.0 91567 82 261292
7 93984.0 93984.0 94001 78 309040
8 97364.0 97364.0 97371 76 362066
9 100766.0 100766.0 100779 69 419234
10 102431.0 102431.0 102454 61 470137
11 105284.0 105284.0 105337 60 515417
12 109184.0 109184.0 109189 44 557633
13 110583.0 110583.0 110590 46 599240
14 112585.0 112585.0 112590 40 638999
15 114297.0 114297.0 114299 37 678347
16 116640.0 116640.0 116643 29 716621
17 117590.0 117590.0 117603 27 754472
18 118726.0 118726.0 118728 23 791492
19 119464.0 119464.0 119473 23 827936
20 120976.0 120976.0 120980 16 865502
21 122343.0 122343.0 122349 16 901566
22 122553.0 122553.0 122554 14 937230
23 123803.0 123803.0 123807 11 974112
24 124078.0 124078.0 124078 8 1009331
25 125009.0 125009.0 125011 9 1047443
26 125585.0 125585.0 125585 7 1084295
27 125760.0 125760.0 125762 6 1119088
28 126023.0 126023.0 126025 6 1153939
29 126744.0 126744.0 126744 6 1191073
30 126743.0 126744.0 126744 6 1227330
31 127185.0 127185.0 127185 4 1262362
32 127024.0 127185.0 127185 4 1298265
33 127478.0 127478.0 127479 3 1333017
34 127648.0 127648.0 127648 3 1375493
35 128076.0 128076.0 128076 3 1413874
36 127989.0 128076.0 128076 3 1450757
37 129329.0 129329.0 129329 3 1489075
38 128288.0 129329.0 129329 3 1524068
39 128695.0 129329.0 129329 3 1558708
40 129023.0 129329.0 129329 3 1593038
41 129089.0 129329.0 129329 3 1631251
42 128946.0 129329.0 129329 3 1668357
43 129636.0 129636.0 129636 1 1702444
44 129237.0 129636.0 129636 1 1736594
45 129619.0 129636.0 129636 1 1770664
46 129670.0 129670.0 129670 1 1805649
47 129876.0 129876.0 129876 2 1845264
48 130724.0 130724.0 130724 1 1880780
49 130206.0 130724.0 130724 1 1914790
50 130573.0 130724.0 130724 1 1948773
51 130365.0 130724.0 130724 1 1983023
52 130916.0 130916.0 130916 1 2021172
53 131089.0 131089.0 131089 1 2059420
54 131016.0 131089.0 131089 1 2094421
55 131612.0 131612.0 131612 1 2129463
56 130879.0 131612.0 131612 1 2163617
57 131549.0 131612.0 131612 1 2197800
58 131398.0 131612.0 131612 1 2232251
59 131403.0 131612.0 131612 1 2267448
60 131676.0 131676.0 131676 1 2301980
61 131569.0 131676.0 131676 1 2336177
62 131678.0 131678.0 131678 1 2371172
63 131950.0 131950.0 131950 1 2405363
64 132082.0 132082.0 132082 1 2439600
65 132087.0 132087.0 132087 1 2476982
66 132343.0 132343.0 132343 1 2511294
67 132071.0 132343.0 132343 1 2545702
68 132366.0 132366.0 132366 1 2581814
69 132373.0 132373.0 132373 1 2616771
70 132595.0 132595.0 132595 1 2650679
71 132504.0 132595.0 132595 1 2684950
72 132826.0 132826.0 132826 1 2719369
73 132813.0 132826.0 132826 1 2753560
74 132992.0 132992.0 132992 1 2787678
75 133124.0 133124.0 133124 1 2826173
76 132812.0 133124.0 133124 1 2860744
77 133080.0 133124.0 133124 1 2895000
78 133026.0 133124.0 133124 1 2931925
79 133361.0 133361.0 133361 1 2969098
80 133421.0 133421.0 133421 1 3004561
81 133337.0 133421.0 133421 1 3039024
82 133382.0 133421.0 133421 1 3073424
83 133513.0 133513.0 133513 1 3108050
84 133551.0 133551.0 133551 1 3142620
85 133449.0 133551.0 133551 1 3177000
86 133636.0 133636.0 133636 1 3211066
87 133546.0 133636.0 133636 1 3245356
88 133731.0 133731.0 133731 1 3279955
89 133777.0 133777.0 133777 1 3314717
90 133903.0 133903.0 133903 1 3349226
91 134013.0 134013.0 134013 1 3384575
92 134044.0 134044.0 134044 1 3418784
93 134003.0 134044.0 134044 1 3453835
94 134520.0 134520.0 134520 1 3488491
95 134337.0 134520.0 134520 1 3522561
96 134442.0 134520.0 134520 1 3558222
97 134517.0 134520.0 134520 1 3592015
98 134553.0 134553.0 134553 1 3626501
99 134567.0 134567.0 134567 1 3660754
100 134793.0 134793.0 134793 1 3695294
101 134667.0 134793.0 134793 1 3731089
102 134468.0 134793.0 134793 1 3770282
103 134707.0 134793.0 134793 1 3804196
104 134608.0 134793.0 134793 1 3838098
105 134504.0 134793.0 134793 1 3873159
106 134718.0 134793.0 134793 1 3909524
107 134884.0 134884.0 134884 1 3943721
108 134850.0 134884.0 134884 1 3977835
109 134838.0 134884.0 134884 1 4012260
110 134807.0 134884.0 134884 1 4046868
111 134912.0 134912.0 134912 1 4081130
112 135155.0 135155.0 135155 1 4116538
113 134832.0 135155.0 135155 1 4150649
114 134965.0 135155.0 135155 1 4185141
115 135182.0 135182.0 135182 1 4221521
116 135114.0 135182.0 135182 1 4256739
117 135370.0 135370.0 135370 1 4295223
118 135258.0 135370.0 135370 1 4332772
119 135354.0 135370.0 135370 1 4373887
120 135264.0 135370.0 135370 1 4409980
121 135509.0 135509.0 135509 1 4445945
122 135388.0 135509.0 135509 1 4492977
123 135503.0 135509.0 135509 1 4527655
124 135570.0 135570.0 135570 1 4572590
125 135660.0 135660.0 135660 1 4608527
126 135628.0 135660.0 135660 1 4643046
127 135589.0 135660.0 135660 1 4682352
128 135526.0 135660.0 135660 1 4717913
129 135732.0 135732.0 135732 1 4753920
130 135730.0 135732.0 135732 1 4789009
131 135809.0 135809.0 135809 1 4823964
132 135772.0 135809.0 135809 1 4859924
133 135661.0 135809.0 135809 1 4896562
134 135869.0 135869.0 135869 1 4932374
135 135842.0 135869.0 135869 1 4967317
136 135884.0 135884.0 135884 1 5004265
137 135929.0 135929.0 135929 1 5050662
138 135777.0 135929.0 135929 1 5091157
139 135996.0 135996.0 135996 1 5132307
140 136159.0 136159.0 136159 1 5167994
141 136155.0 136159.0 136159 1 5203770
142 136068.0 136159.0 136159 1 5239981
143 136304.0 136304.0 136304 1 5276510
144 135824.0 136304.0 136304 1 5312506
145 136221.0 136304.0 136304 1 5348538
146 136093.0 136304.0 136304 1 5384640
147 136366.0 136366.0 136366 1 5420755
148 136373.0 136373.0 136373 1 5456313
149 136335.0 136373.0 136373 1 5492200
150 136411.0 136411.0 136411 1 5528373
151 136493.0 136493.0 136493 1 5564486
152 136501.0 136501.0 136501 1 5602132
153 136535.0 136535.0 136535 1 5639348
154 136627.0 136627.0 136627 1 5674567
155 136759.0 136759.0 136759 1 5709091
156 136743.0 136759.0 136759 1 5743198
157 136693.0 136759.0 136759 1 5777661
158 136786.0 136786.0 136786 1 5813462
159 136781.0 136786.0 136786 1 5849836
160 136841.0 136841.0 136841 1 5888935
161 136793.0 136841.0 136841 1 5926393
162 136840.0 136841.0 136841 1 5960852
163 136792.0 136841.0 136841 1 5994872
164 136952.0 136952.0 136952 1 6029339
165 136861.0 136952.0 136952 1 6063591
166 136738.0 136952.0 136952 1 6097939
167 136818.0 136952.0 136952 1 6134214
168 136908.0 136952.0 136952 1 6168441
169 136835.0 136952.0 136952 1 6202785
170 136872.0 136952.0 136952 1 6237032
171 136743.0 136952.0 136952 1 6279451
172 137094.0 137094.0 137094 1 6325774
173 136860.0 137094.0 137094 1 6367929
174 136908.0 137094.0 137094 1 6403730
175 137120.0 137120.0 137120 1 6438891
176 136866.0 137120.0 137120 1 6474379
177 137058.0 137120.0 137120 1 6510477
178 137087.0 137120.0 137120 1 6545739
179 136911.0 137120.0 137120 1 6580908
180 137066.0 137120.0 137120 1 6615774
181 137008.0 137120.0 137120 1 6651917
182 136994.0 137120.0 137120 1 6687331
183 136977.0 137120.0 137120 1 6722787
184 137018.0 137120.0 137120 1 6760732
185 137011.0 137120.0 137120 1 6796220
186 136993.0 137120.0 137120 1 6830946
187 137100.0 137120.0 137120 1 6865843
188 136991.0 137120.0 137120 1 6901136
189 137115.0 137120.0 137120 1 6936048
190 137216.0 137216.0 137216 1 6970839
191 137098.0 137216.0 137216 1 7005866
192 137334.0 137334.0 137334 1 7045497
193 137140.0 137334.0 137334 1 7082225
194 137340.0 137340.0 137340 1 7116695
195 137188.0 137340.0 137340 1 7153471
196 137287.0 137340.0 137340 1 7187818
197 137251.0 137340.0 137340 1 7221922
198 137380.0 137380.0 137380 1 7256361
199 137291.0 137380.0 137380 1 7290781
200 137295.0 137380.0 137380 1 7326285
number of contigs : 1
Output file created
RUN 4
-------------
Generated Seeded Population
Generated Diverse Population
0 70614.0 70614.0 70642
1 75101.0 75101.0 75126 121 6002
2 78951.0 78951.0 78974 114 57426
3 81435.0 81435.0 81453 111 108594
4 86260.0 86260.0 86291 102 159464
5 89620.0 89620.0 89644 88 215699
6 91158.0 91158.0 91172 85 264049
7 92866.0 92866.0 92934 82 311773
8 96861.0 96861.0 96872 72 360325
9 99821.0 99821.0 99837 72 405719
10 104220.0 104220.0 104232 60 450298
11 105392.0 105392.0 105409 57 493814
12 107968.0 107968.0 107979 48 535846
13 110786.0 110786.0 110792 42 586623
14 113857.0 113857.0 113865 31 633793
15 115966.0 115966.0 115975 25 677587
16 118452.0 118452.0 118460 24 717934
17 120820.0 120820.0 120824 17 757528
18 121586.0 121586.0 121589 17 796851
19 122864.0 122864.0 122872 10 835467
20 123826.0 123826.0 123830 10 873436
21 125257.0 125257.0 125258 6 910759
22 125772.0 125772.0 125779 7 947891
23 125793.0 125793.0 125794 4 985298
24 126033.0 126033.0 126033 3 1022436
25 126543.0 126543.0 126543 4 1059343
26 127081.0 127081.0 127081 2 1095848
27 127278.0 127278.0 127278 2 1132745
28 127870.0 127870.0 127870 3 1169192
29 127525.0 127870.0 127870 3 1205852
30 127423.0 127870.0 127870 3 1242128
31 127642.0 127870.0 127870 3 1280295
32 128007.0 128007.0 128007 2 1317015
33 127833.0 128007.0 128007 2 1353500
34 127840.0 128007.0 128007 2 1390802
35 128164.0 128164.0 128164 2 1426208
36 128162.0 128164.0 128164 2 1461707
37 128183.0 128183.0 128183 1 1498168
38 128294.0 128294.0 128294 1 1534272
39 128387.0 128387.0 128387 1 1569173
40 128221.0 128387.0 128387 1 1603743
41 128909.0 128909.0 128909 1 1643866
42 128954.0 128954.0 128954 1 1683649
43 128776.0 128954.0 128954 1 1719790
44 128558.0 128954.0 128954 1 1754519
45 128769.0 128954.0 128954 1 1788949
46 128562.0 128954.0 128954 1 1823791
47 128644.0 128954.0 128954 1 1858401
48 128620.0 128954.0 128954 1 1892825
49 129022.0 129022.0 129022 1 1927216
50 129544.0 129544.0 129544 1 1961513
51 128745.0 129544.0 129544 1 1995918
52 129209.0 129544.0 129544 1 2031050
53 129029.0 129544.0 129544 1 2065392
54 128866.0 129544.0 129544 1 2100437
55 129102.0 129544.0 129544 1 2135561
56 129159.0 129544.0 129544 1 2170122
57 129175.0 129544.0 129544 1 2204210
58 129173.0 129544.0 129544 1 2238755
59 129018.0 129544.0 129544 1 2273275
60 129602.0 129602.0 129602 1 2308006
61 129591.0 129602.0 129602 1 2342462
62 129075.0 129602.0 129602 1 2376798
63 129318.0 129602.0 129602 1 2411380
64 129250.0 129602.0 129602 1 2446910
65 129245.0 129602.0 129602 1 2481234
66 129387.0 129602.0 129602 1 2515532
67 129655.0 129655.0 129655 1 2550864
68 129629.0 129655.0 129655 1 2587343
69 129966.0 129966.0 129966 1 2622419
70 129543.0 129966.0 129966 1 2656913
71 129587.0 129966.0 129966 1 2691449
72 129662.0 129966.0 129966 1 2726633
73 129942.0 129966.0 129966 1 2762623
74 129650.0 129966.0 129966 1 2797444
75 130061.0 130061.0 130061 1 2832017
76 130153.0 130153.0 130153 1 2866250
77 129897.0 130153.0 130153 1 2906590
78 130001.0 130153.0 130153 1 2944477
79 130375.0 130375.0 130375 1 2983250
80 130592.0 130592.0 130592 1 3020225
81 130545.0 130592.0 130592 1 3055912
82 130929.0 130929.0 130929 1 3090342
83 130614.0 130929.0 130929 1 3124622
84 130680.0 130929.0 130929 1 3159428
85 130559.0 130929.0 130929 1 3193808
86 130760.0 130929.0 130929 1 3237278
87 130852.0 130929.0 130929 1 3273231
88 131189.0 131189.0 131189 1 3308078
89 131122.0 131189.0 131189 1 3342603
90 130697.0 131189.0 131189 1 3376814
91 131136.0 131189.0 131189 1 3412471
92 131105.0 131189.0 131189 1 3446995
93 131045.0 131189.0 131189 1 3481394
94 131340.0 131340.0 131340 1 3516052
95 131223.0 131340.0 131340 1 3551047
96 131147.0 131340.0 131340 1 3585316
97 131452.0 131452.0 131452 1 3619266
98 131418.0 131452.0 131452 1 3653899
99 131688.0 131688.0 131688 1 3688070
100 131677.0 131688.0 131688 1 3726821
101 132053.0 132053.0 132053 1 3761241
102 131987.0 132053.0 132053 1 3795178
103 132651.0 132651.0 132651 1 3829414
104 132194.0 132651.0 132651 1 3864358
105 132501.0 132651.0 132651 1 3898560
106 132425.0 132651.0 132651 1 3932815
107 132661.0 132661.0 132661 1 3967103
108 132621.0 132661.0 132661 1 4001579
109 132657.0 132661.0 132661 1 4036286
110 132749.0 132749.0 132749 1 4071228
111 132646.0 132749.0 132749 1 4105329
112 133100.0 133100.0 133100 1 4141979
113 133378.0 133378.0 133378 1 4180082
114 133164.0 133378.0 133378 1 4214195
115 133302.0 133378.0 133378 1 4248516
116 133171.0 133378.0 133378 1 4283063
117 133228.0 133378.0 133378 1 4322729
118 133249.0 133378.0 133378 1 4364710
119 133471.0 133471.0 133471 1 4401231
120 133356.0 133471.0 133471 1 4437785
121 133319.0 133471.0 133471 1 4473872
122 133540.0 133540.0 133540 1 4510355
123 133424.0 133540.0 133540 1 4550857
124 133416.0 133540.0 133540 1 4589994
125 133977.0 133977.0 133977 1 4624979
126 133796.0 133977.0 133977 1 4661218
127 133690.0 133977.0 133977 1 4696211
128 133983.0 133983.0 133983 1 4731101
129 134063.0 134063.0 134063 1 4765644
130 134198.0 134198.0 134198 1 4800188
131 134347.0 134347.0 134347 1 4839323
132 134133.0 134347.0 134347 1 4873864
133 134247.0 134347.0 134347 1 4908880
134 134353.0 134353.0 134353 1 4946696
135 134389.0 134389.0 134389 1 4985801
136 134375.0 134389.0 134389 1 5022857
137 134594.0 134594.0 134594 1 5058243
138 134520.0 134594.0 134594 1 5093194
139 134464.0 134594.0 134594 1 5127451
140 134553.0 134594.0 134594 1 5161874
141 134498.0 134594.0 134594 1 5197680
142 134629.0 134629.0 134629 1 5239234
143 135140.0 135140.0 135140 1 5276714
144 134606.0 135140.0 135140 1 5312704
145 134643.0 135140.0 135140 1 5349219
146 134873.0 135140.0 135140 1 5386482
147 134709.0 135140.0 135140 1 5422923
148 134742.0 135140.0 135140 1 5459759
149 134913.0 135140.0 135140 1 5496183
150 134856.0 135140.0 135140 1 5532911
151 134985.0 135140.0 135140 1 5568966
152 134904.0 135140.0 135140 1 5606417
153 134979.0 135140.0 135140 1 5642578
154 135056.0 135140.0 135140 1 5678795
155 135047.0 135140.0 135140 1 5714772
156 135046.0 135140.0 135140 1 5751318
157 135216.0 135216.0 135216 1 5787673
158 135025.0 135216.0 135216 1 5824262
159 135428.0 135428.0 135428 1 5859824
160 135324.0 135428.0 135428 1 5896632
161 135147.0 135428.0 135428 1 5931472
162 135364.0 135428.0 135428 1 5973936
163 135435.0 135435.0 135435 1 6012839
164 135211.0 135435.0 135435 1 6048166
165 135313.0 135435.0 135435 1 6083657
166 135370.0 135435.0 135435 1 6119030
167 135496.0 135496.0 135496 1 6154417
168 135373.0 135496.0 135496 1 6190340
169 135474.0 135496.0 135496 1 6226028
170 135419.0 135496.0 135496 1 6260252
171 135335.0 135496.0 135496 1 6294569
172 135463.0 135496.0 135496 1 6331029
173 135345.0 135496.0 135496 1 6365290
174 135443.0 135496.0 135496 1 6399249
175 135403.0 135496.0 135496 1 6436367
176 135503.0 135503.0 135503 1 6470518
177 135424.0 135503.0 135503 1 6505082
178 135505.0 135505.0 135505 1 6539242
179 135541.0 135541.0 135541 1 6573672
180 135546.0 135546.0 135546 1 6607668
181 135437.0 135546.0 135546 1 6641976
182 135513.0 135546.0 135546 1 6675990
183 135491.0 135546.0 135546 1 6710685
184 135509.0 135546.0 135546 1 6747964
185 135637.0 135637.0 135637 1 6783917
186 135745.0 135745.0 135745 1 6820444
187 135606.0 135745.0 135745 1 6856539
188 135679.0 135745.0 135745 1 6893146
189 135523.0 135745.0 135745 1 6928636
190 135792.0 135792.0 135792 1 6963901
191 136023.0 136023.0 136023 1 6997810
192 135962.0 136023.0 136023 1 7032375
193 135593.0 136023.0 136023 1 7066435
194 135775.0 136023.0 136023 1 7100497
195 135714.0 136023.0 136023 1 7134748
196 135684.0 136023.0 136023 1 7169273
197 135680.0 136023.0 136023 1 7204800
198 135784.0 136023.0 136023 1 7238655
199 135711.0 136023.0 136023 1 7276497
200 135731.0 136023.0 136023 1 7318890
number of contigs : 1
Output file created
RUN 5
-------------
Generated Seeded Population
Generated Diverse Population
0 69920.0 69920.0 69936
1 74598.0 74598.0 74631 129 6428
2 78066.0 78066.0 78086 115 63480
3 82367.0 82367.0 82386 110 115834
4 84922.0 84922.0 84941 103 167313
5 88241.0 88241.0 88276 96 222150
6 91179.0 91179.0 91202 91 271219
7 94658.0 94658.0 94673 80 319441
8 97374.0 97374.0 97378 80 366791
9 99079.0 99079.0 99092 67 412450
10 104509.0 104509.0 104520 62 462464
11 104679.0 104679.0 104692 58 506216
12 107132.0 107132.0 107150 53 548025
13 111239.0 111239.0 111253 41 589079
14 113086.0 113086.0 113093 40 629349
15 114312.0 114312.0 114316 34 668509
16 116582.0 116582.0 116590 30 709362
17 118378.0 118378.0 118381 25 746900
18 119724.0 119724.0 119732 23 783733
19 121562.0 121562.0 121567 20 820149
20 121550.0 121562.0 121567 20 856485
21 123432.0 123432.0 123432 15 892186
22 123476.0 123476.0 123476 14 927778
23 124493.0 124493.0 124494 10 963284
24 125785.0 125785.0 125785 7 999343
25 125663.0 125785.0 125785 7 1036285
26 125578.0 125785.0 125785 7 1070991
27 125934.0 125934.0 125934 7 1105399
28 126463.0 126463.0 126463 8 1139930
29 126902.0 126902.0 126902 4 1176560
30 127157.0 127157.0 127158 4 1222041
31 127658.0 127658.0 127658 4 1265726
32 127499.0 127658.0 127658 4 1303517
33 128078.0 128078.0 128078 3 1339902
34 128199.0 128199.0 128199 3 1376136
35 128143.0 128199.0 128199 3 1419273
36 128235.0 128235.0 128235 3 1460777
37 128639.0 128639.0 128639 2 1496931
38 128799.0 128799.0 128799 1 1533858
39 128941.0 128941.0 128941 3 1569915
40 129163.0 129163.0 129163 1 1604766
41 129078.0 129163.0 129163 1 1644242
42 129629.0 129629.0 129629 1 1678988
43 129470.0 129629.0 129629 1 1713540
44 129876.0 129876.0 129876 1 1748071
45 130024.0 130024.0 130024 1 1782611
46 129929.0 130024.0 130024 1 1817528
47 130346.0 130346.0 130346 1 1855585
48 130281.0 130346.0 130346 1 1890332
49 130207.0 130346.0 130346 1 1925516
50 130578.0 130578.0 130578 1 1960006
51 130788.0 130788.0 130788 1 1994217
52 130956.0 130956.0 130956 1 2028859
53 130813.0 130956.0 130956 1 2063408
54 130940.0 130956.0 130956 1 2100746
55 130966.0 130966.0 130966 1 2135848
56 131317.0 131317.0 131317 1 2170685
57 131425.0 131425.0 131425 1 2205572
58 131509.0 131509.0 131509 1 2240213
59 132052.0 132052.0 132052 1 2281512
60 131993.0 132052.0 132052 1 2317512
61 131872.0 132052.0 132052 1 2352860
62 131990.0 132052.0 132052 1 2387022
63 132144.0 132144.0 132144 1 2421249
64 132007.0 132144.0 132144 1 2455661
65 132282.0 132282.0 132282 2 2489939
66 132446.0 132446.0 132446 1 2524188
67 132546.0 132546.0 132546 1 2558658
68 132603.0 132603.0 132603 1 2598879
69 132641.0 132641.0 132641 1 2632831
70 132826.0 132826.0 132826 1 2666740
71 132620.0 132826.0 132826 1 2704727
72 132978.0 132978.0 132978 2 2742452
73 133058.0 133058.0 133058 1 2784625
74 133040.0 133058.0 133058 1 2820804
75 133092.0 133092.0 133092 1 2867162
76 133536.0 133536.0 133536 1 2911710
77 133607.0 133607.0 133607 1 2949191
78 133385.0 133607.0 133607 1 2987225
79 133613.0 133613.0 133613 1 3026305
80 133555.0 133613.0 133613 1 3064471
81 133534.0 133613.0 133613 1 3099099
82 133773.0 133773.0 133773 1 3132924
83 133608.0 133773.0 133773 1 3169355
84 133627.0 133773.0 133773 1 3203260
85 133846.0 133846.0 133846 1 3237242
86 133956.0 133956.0 133956 1 3281750
87 133719.0 133956.0 133956 1 3319083
88 133820.0 133956.0 133956 1 3355501
89 134256.0 134256.0 134256 1 3391658
90 134040.0 134256.0 134256 1 3428179
91 134316.0 134316.0 134316 1 3464406
92 134322.0 134322.0 134322 1 3500379
93 134128.0 134322.0 134322 1 3537372
94 133993.0 134322.0 134322 1 3573845
95 134378.0 134378.0 134378 1 3610083
96 134402.0 134402.0 134402 1 3646310
97 134248.0 134402.0 134402 1 3687957
98 134359.0 134402.0 134402 1 3730401
99 134521.0 134521.0 134521 1 3766449
100 134513.0 134521.0 134521 1 3802116
101 134543.0 134543.0 134543 1 3839747
102 134518.0 134543.0 134543 1 3876052
103 134549.0 134549.0 134549 1 3912315
104 134841.0 134841.0 134841 1 3952791
105 134983.0 134983.0 134983 1 3987925
106 134642.0 134983.0 134983 1 4022842
107 134758.0 134983.0 134983 1 4060235
108 134779.0 134983.0 134983 1 4097175
109 135042.0 135042.0 135042 1 4133063
110 134917.0 135042.0 135042 1 4170803
111 135113.0 135113.0 135113 1 4208712
112 135192.0 135192.0 135192 1 4247524
113 135163.0 135192.0 135192 1 4283474
114 135085.0 135192.0 135192 1 4318888
115 135218.0 135218.0 135218 1 4354278
116 135389.0 135389.0 135389 1 4389631
117 135633.0 135633.0 135633 1 4425356
118 135536.0 135633.0 135633 1 4460901
119 135356.0 135633.0 135633 1 4496324
120 135734.0 135734.0 135734 1 4533871
121 135842.0 135842.0 135842 1 4569505
122 135599.0 135842.0 135842 1 4604767
123 135659.0 135842.0 135842 1 4640119
124 135629.0 135842.0 135842 1 4675359
125 135775.0 135842.0 135842 1 4712102
126 135617.0 135842.0 135842 1 4752290
127 135801.0 135842.0 135842 1 4790780
128 135770.0 135842.0 135842 1 4832134
129 135839.0 135842.0 135842 1 4871911
130 135927.0 135927.0 135927 1 4907293
131 135757.0 135927.0 135927 1 4942192
132 135909.0 135927.0 135927 1 4977194
133 135974.0 135974.0 135974 1 5012007
134 136068.0 136068.0 136068 1 5046742
135 135899.0 136068.0 136068 1 5081700
136 135981.0 136068.0 136068 1 5117034
137 136154.0 136154.0 136154 1 5152328
138 135921.0 136154.0 136154 1 5189703
139 136117.0 136154.0 136154 1 5225831
140 136080.0 136154.0 136154 1 5261053
141 136222.0 136222.0 136222 1 5295390
142 136100.0 136222.0 136222 1 5330158
143 135984.0 136222.0 136222 1 5365303
144 136059.0 136222.0 136222 1 5403109
145 136175.0 136222.0 136222 1 5442015
146 136138.0 136222.0 136222 1 5484499
147 136168.0 136222.0 136222 1 5529755
148 136228.0 136228.0 136228 1 5564878
149 136194.0 136228.0 136228 1 5599238
150 136193.0 136228.0 136228 1 5633671
151 136054.0 136228.0 136228 1 5668187
152 136330.0 136330.0 136330 1 5704399
153 136201.0 136330.0 136330 1 5740837
154 136182.0 136330.0 136330 1 5776154
155 136305.0 136330.0 136330 1 5811093
156 136232.0 136330.0 136330 1 5846418
157 136195.0 136330.0 136330 1 5883152
158 136381.0 136381.0 136381 1 5920014
159 136308.0 136381.0 136381 1 5956750
160 136274.0 136381.0 136381 1 5992764
161 136337.0 136381.0 136381 1 6027961
162 136386.0 136386.0 136386 1 6062378
163 136540.0 136540.0 136540 1 6096297
164 136380.0 136540.0 136540 1 6135212
165 136247.0 136540.0 136540 1 6184330
166 136382.0 136540.0 136540 1 6221956
167 136351.0 136540.0 136540 1 6264231
168 136342.0 136540.0 136540 1 6312798
169 136451.0 136540.0 136540 1 6356727
170 136243.0 136540.0 136540 1 6395584
171 136400.0 136540.0 136540 1 6431974
172 136389.0 136540.0 136540 1 6467902
173 136336.0 136540.0 136540 1 6502521
174 136474.0 136540.0 136540 1 6537352
175 136380.0 136540.0 136540 1 6571573
176 136416.0 136540.0 136540 1 6605879
177 136442.0 136540.0 136540 1 6640653
178 136297.0 136540.0 136540 1 6680058
179 136371.0 136540.0 136540 1 6716826
180 136409.0 136540.0 136540 1 6759067
181 136848.0 136848.0 136848 1 6799040
182 136373.0 136848.0 136848 1 6833936
183 136544.0 136848.0 136848 1 6868628
184 136802.0 136848.0 136848 1 6903904
185 136623.0 136848.0 136848 1 6940076
186 136431.0 136848.0 136848 1 6976143
187 136507.0 136848.0 136848 1 7011463
188 136442.0 136848.0 136848 1 7047894
189 136523.0 136848.0 136848 1 7084032
190 136404.0 136848.0 136848 1 7118457
191 136658.0 136848.0 136848 1 7153976
192 136654.0 136848.0 136848 1 7190961
193 136602.0 136848.0 136848 1 7227412
194 136429.0 136848.0 136848 1 7263226
195 136532.0 136848.0 136848 1 7297832
196 136697.0 136848.0 136848 1 7332355
197 136551.0 136848.0 136848 1 7367127
198 136715.0 136848.0 136848 1 7401618
199 136656.0 136848.0 136848 1 7440403
200 136732.0 136848.0 136848 1 7476124
number of contigs : 1
Output file created
RUN 6
-------------
Generated Seeded Population
Generated Diverse Population
0 69569.0 69569.0 69584
1 73365.0 73365.0 73385 126 6327
2 77909.0 77909.0 77936 118 68938
3 80414.0 80414.0 80432 109 121510
4 83450.0 83450.0 83481 107 172824
5 86371.0 86371.0 86390 103 223489
6 91449.0 91449.0 91461 86 273662
7 94759.0 94759.0 94778 81 322480
8 96524.0 96524.0 96534 74 370054
9 101106.0 101106.0 101114 65 417398
10 104602.0 104602.0 104608 53 461974
11 108129.0 108129.0 108135 47 505372
12 110967.0 110967.0 110974 42 547605
13 113184.0 113184.0 113196 36 588528
14 115490.0 115490.0 115500 30 628481
15 117807.0 117807.0 117815 29 668021
16 119987.0 119987.0 119996 16 707424
17 121195.0 121195.0 121198 15 745278
18 122598.0 122598.0 122603 12 781658
19 123736.0 123736.0 123738 8 819252
20 124500.0 124500.0 124502 10 854867
21 125129.0 125129.0 125132 7 891921
22 125693.0 125693.0 125694 6 927370
23 125909.0 125909.0 125909 3 962303
24 126755.0 126755.0 126755 3 996873
25 126982.0 126982.0 126983 3 1031334
26 127100.0 127100.0 127100 3 1066420
27 127051.0 127100.0 127100 3 1100833
28 127491.0 127491.0 127491 2 1135073
29 127373.0 127491.0 127491 2 1169524
30 127640.0 127640.0 127640 1 1204514
31 127656.0 127656.0 127656 2 1252940
32 127989.0 127989.0 127989 1 1290657
33 128497.0 128497.0 128497 2 1330764
34 127735.0 128497.0 128497 2 1365735
35 127890.0 128497.0 128497 2 1400286
36 127902.0 128497.0 128497 2 1435318
37 127979.0 128497.0 128497 2 1469852
38 128595.0 128595.0 128595 1 1504415
39 128342.0 128595.0 128595 1 1544968
40 128194.0 128595.0 128595 1 1580904
41 128449.0 128595.0 128595 1 1615225
42 128315.0 128595.0 128595 1 1649570
43 128710.0 128710.0 128710 1 1685429
44 128594.0 128710.0 128710 1 1719625
45 128313.0 128710.0 128710 1 1754084
46 128676.0 128710.0 128710 1 1788714
47 128907.0 128907.0 128907 1 1822805
48 128511.0 128907.0 128907 1 1857039
49 128731.0 128907.0 128907 1 1893319
50 128605.0 128907.0 128907 1 1927327
51 128695.0 128907.0 128907 1 1961842
52 128985.0 128985.0 128985 1 1996690
53 129057.0 129057.0 129057 1 2030788
54 128904.0 129057.0 129057 1 2066089
55 129654.0 129654.0 129654 1 2100409
56 128977.0 129654.0 129654 1 2134639
57 128771.0 129654.0 129654 1 2169364
58 129318.0 129654.0 129654 1 2207879
59 128986.0 129654.0 129654 1 2242155
60 129385.0 129654.0 129654 1 2276522
61 129775.0 129775.0 129775 1 2310453
62 129277.0 129775.0 129775 1 2345023
63 129359.0 129775.0 129775 1 2379328
64 129446.0 129775.0 129775 1 2415006
65 130048.0 130048.0 130048 1 2449127
66 129789.0 130048.0 130048 1 2483094
67 129458.0 130048.0 130048 1 2517352
68 129936.0 130048.0 130048 1 2551622
69 130042.0 130048.0 130048 1 2585984
70 129801.0 130048.0 130048 1 2623378
71 130005.0 130048.0 130048 1 2662560
72 129975.0 130048.0 130048 1 2699901
73 130012.0 130048.0 130048 1 2736220
74 130357.0 130357.0 130357 1 2771254
75 130255.0 130357.0 130357 1 2805789
76 130537.0 130537.0 130537 1 2842063
77 130637.0 130637.0 130637 1 2877466
78 130832.0 130832.0 130832 1 2911648
79 130773.0 130832.0 130832 1 2946343
80 130839.0 130839.0 130839 1 2980837
81 131044.0 131044.0 131044 1 3015578
82 131175.0 131175.0 131175 1 3050991
83 131048.0 131175.0 131175 1 3086166
84 131298.0 131298.0 131298 1 3120686
85 131414.0 131414.0 131414 1 3168574
86 131178.0 131414.0 131414 1 3205349
87 131554.0 131554.0 131554 1 3244744
88 131511.0 131554.0 131554 1 3290686
89 131507.0 131554.0 131554 1 3328602
90 131782.0 131782.0 131782 1 3363659
91 131393.0 131782.0 131782 1 3397798
92 131798.0 131798.0 131798 1 3431698
93 131557.0 131798.0 131798 1 3465709
94 131655.0 131798.0 131798 1 3502996
95 131580.0 131798.0 131798 1 3537302
96 131802.0 131802.0 131802 1 3571120
97 131635.0 131802.0 131802 1 3605406
98 132531.0 132531.0 132531 1 3639315
99 132362.0 132531.0 132531 1 3676175
100 132134.0 132531.0 132531 1 3718731
101 132255.0 132531.0 132531 1 3752841
102 132176.0 132531.0 132531 1 3786909
103 132336.0 132531.0 132531 1 3821028
104 132299.0 132531.0 132531 1 3855800
105 132645.0 132645.0 132645 1 3890381
106 132618.0 132645.0 132645 1 3924592
107 132843.0 132843.0 132843 1 3962047
108 132781.0 132843.0 132843 1 3998581
109 132750.0 132843.0 132843 1 4034284
110 132880.0 132880.0 132880 1 4073455
111 132831.0 132880.0 132880 1 4108444
112 133035.0 133035.0 133035 1 4142899
113 132961.0 133035.0 133035 1 4180346
114 133000.0 133035.0 133035 1 4223164
115 132934.0 133035.0 133035 1 4260304
116 133015.0 133035.0 133035 1 4296039
117 133011.0 133035.0 133035 1 4338167
118 133005.0 133035.0 133035 1 4374210
119 133037.0 133037.0 133037 1 4408716
120 133012.0 133037.0 133037 1 4443327
121 133259.0 133259.0 133259 1 4477800
122 133395.0 133395.0 133395 1 4512404
123 133461.0 133461.0 133461 1 4547031
124 133024.0 133461.0 133461 1 4581501
125 133302.0 133461.0 133461 1 4616142
126 133273.0 133461.0 133461 1 4650357
127 133413.0 133461.0 133461 1 4684720
128 133078.0 133461.0 133461 1 4719232
129 133360.0 133461.0 133461 1 4753562
130 133207.0 133461.0 133461 1 4791916
131 133291.0 133461.0 133461 1 4830796
132 133241.0 133461.0 133461 1 4868235
133 133189.0 133461.0 133461 1 4902444
134 133315.0 133461.0 133461 1 4938247
135 133215.0 133461.0 133461 1 4972863
136 133406.0 133461.0 133461 1 5007276
137 133347.0 133461.0 133461 1 5041983
138 133431.0 133461.0 133461 1 5076382
139 133499.0 133499.0 133499 1 5110917
140 133707.0 133707.0 133707 1 5152693
141 133411.0 133707.0 133707 1 5187025
142 133510.0 133707.0 133707 1 5221125
143 133689.0 133707.0 133707 1 5256659
144 133643.0 133707.0 133707 1 5291223
145 133760.0 133760.0 133760 1 5326256
146 133728.0 133760.0 133760 1 5361612
147 133835.0 133835.0 133835 1 5398083
148 133817.0 133835.0 133835 1 5432401
149 133960.0 133960.0 133960 1 5466871
150 133848.0 133960.0 133960 1 5511790
151 133849.0 133960.0 133960 1 5546505
152 134020.0 134020.0 134020 1 5580914
153 133948.0 134020.0 134020 1 5614827
154 134029.0 134029.0 134029 1 5649030
155 134033.0 134033.0 134033 1 5683251
156 134067.0 134067.0 134067 1 5717502
157 134176.0 134176.0 134176 1 5751802
158 134091.0 134176.0 134176 1 5785861
159 134210.0 134210.0 134210 1 5821179
160 134149.0 134210.0 134210 1 5857004
161 134553.0 134553.0 134553 1 5892757
162 134264.0 134553.0 134553 1 5926583
163 134495.0 134553.0 134553 1 5969216
164 134464.0 134553.0 134553 1 6003416
165 134290.0 134553.0 134553 1 6037268
166 134342.0 134553.0 134553 1 6071626
167 134491.0 134553.0 134553 1 6106408
168 134359.0 134553.0 134553 1 6140746
169 134407.0 134553.0 134553 1 6175291
170 134347.0 134553.0 134553 1 6209402
171 134452.0 134553.0 134553 1 6246207
172 134324.0 134553.0 134553 1 6284533
173 134601.0 134601.0 134601 1 6318561
174 134556.0 134601.0 134601 1 6352394
175 134581.0 134601.0 134601 1 6386647
176 134732.0 134732.0 134732 1 6422406
177 134731.0 134732.0 134732 1 6456238
178 134680.0 134732.0 134732 1 6490170
179 134656.0 134732.0 134732 1 6525146
180 134634.0 134732.0 134732 1 6562221
181 134773.0 134773.0 134773 1 6599313
182 134593.0 134773.0 134773 1 6633285
183 134686.0 134773.0 134773 1 6667413
184 134794.0 134794.0 134794 1 6701605
185 134719.0 134794.0 134794 1 6735865
186 134856.0 134856.0 134856 1 6770204
187 134897.0 134897.0 134897 1 6804586
188 134827.0 134897.0 134897 1 6839459
189 134861.0 134897.0 134897 1 6873681
190 134896.0 134897.0 134897 1 6907858
191 134963.0 134963.0 134963 1 6942005
192 134851.0 134963.0 134963 1 6979762
193 134796.0 134963.0 134963 1 7013713
194 134873.0 134963.0 134963 1 7048210
195 134876.0 134963.0 134963 1 7082087
196 134990.0 134990.0 134990 1 7117524
197 134816.0 134990.0 134990 1 7151404
198 134937.0 134990.0 134990 1 7185448
199 134918.0 134990.0 134990 1 7219785
200 134998.0 134998.0 134998 1 7254130
number of contigs : 1
Output file created
RUN 7
-------------
Generated Seeded Population
Generated Diverse Population
0 69391.0 69391.0 69461
1 75169.0 75169.0 75198 120 6091
2 77610.0 77610.0 77635 118 57192
3 81545.0 81545.0 81560 114 108271
4 84479.0 84479.0 84544 101 158898
5 88907.0 88907.0 88920 96 209197
6 90781.0 90781.0 90793 94 258409
7 94914.0 94914.0 94922 77 307102
8 97344.0 97344.0 97355 74 354467
9 101392.0 101392.0 101401 66 405775
10 104662.0 104662.0 104675 60 452111
11 106720.0 106720.0 106733 58 497831
12 110124.0 110124.0 110131 44 542501
13 112592.0 112592.0 112598 34 585870
14 115422.0 115422.0 115437 29 627441
15 117603.0 117603.0 117607 28 667036
16 119630.0 119630.0 119639 21 705299
17 122283.0 122283.0 122285 17 742765
18 122873.0 122873.0 122876 13 782096
19 124010.0 124010.0 124013 8 819001
20 125033.0 125033.0 125091 9 858291
21 125680.0 125680.0 125682 6 893987
22 126211.0 126211.0 126211 5 929264
23 127173.0 127173.0 127173 3 964019
24 126775.0 127173.0 127173 3 998560
25 127172.0 127173.0 127173 3 1033480
26 127652.0 127652.0 127652 3 1067963
27 127870.0 127870.0 127870 2 1102306
28 127941.0 127941.0 127941 3 1136869
29 128244.0 128244.0 128244 2 1171492
30 128652.0 128652.0 128652 3 1208449
31 128907.0 128907.0 128907 1 1243700
32 129060.0 129060.0 129060 1 1277888
33 129137.0 129137.0 129137 1 1312113
34 129964.0 129964.0 129964 1 1346820
35 129781.0 129964.0 129964 1 1380943
36 129763.0 129964.0 129964 1 1419052
37 130044.0 130044.0 130044 1 1468612
38 130513.0 130513.0 130513 1 1510947
39 130630.0 130630.0 130630 1 1550334
40 130731.0 130731.0 130731 1 1590576
41 130576.0 130731.0 130731 1 1627917
42 131046.0 131046.0 131046 1 1664294
43 130746.0 131046.0 131046 1 1701453
44 131036.0 131046.0 131046 1 1744676
45 131384.0 131384.0 131384 1 1780759
46 131782.0 131782.0 131782 1 1816594
47 131749.0 131782.0 131782 1 1852948
48 131953.0 131953.0 131953 1 1888420
49 132010.0 132010.0 132010 1 1923335
50 132166.0 132166.0 132166 1 1958424
51 132392.0 132392.0 132392 1 1997359
52 132348.0 132392.0 132392 1 2033163
53 132331.0 132392.0 132392 1 2068643
54 132493.0 132493.0 132493 1 2103546
55 132495.0 132495.0 132495 1 2138477
56 132600.0 132600.0 132600 1 2174655
57 132861.0 132861.0 132861 1 2210603
58 132977.0 132977.0 132977 1 2248516
59 132901.0 132977.0 132977 1 2289781
60 133157.0 133157.0 133157 1 2325090
61 133085.0 133157.0 133157 1 2360308
62 133297.0 133297.0 133297 1 2395268
63 133139.0 133297.0 133297 1 2432722
64 133246.0 133297.0 133297 1 2470005
65 133270.0 133297.0 133297 1 2513863
66 133318.0 133318.0 133318 1 2553021
67 133416.0 133416.0 133416 1 2591579
68 133616.0 133616.0 133616 1 2631568
69 133707.0 133707.0 133707 1 2667268
70 133641.0 133707.0 133707 1 2702466
71 133977.0 133977.0 133977 1 2737715
72 133954.0 133977.0 133977 1 2772454
73 133997.0 133997.0 133997 1 2807049
74 134337.0 134337.0 134337 1 2842273
75 134100.0 134337.0 134337 1 2877119
76 134189.0 134337.0 134337 1 2911581
77 134255.0 134337.0 134337 1 2946676
78 134320.0 134337.0 134337 1 2981441
79 134541.0 134541.0 134541 1 3016405
80 134561.0 134561.0 134561 1 3050971
81 134744.0 134744.0 134744 1 3085619
82 134497.0 134744.0 134744 1 3120319
83 134751.0 134751.0 134751 1 3155181
84 134802.0 134802.0 134802 1 3194399
85 134834.0 134834.0 134834 1 3228957
86 134950.0 134950.0 134950 1 3264183
87 135023.0 135023.0 135023 1 3304227
88 134901.0 135023.0 135023 1 3339399
89 134906.0 135023.0 135023 1 3374107
90 135200.0 135200.0 135200 1 3412782
91 135000.0 135200.0 135200 1 3450362
92 135094.0 135200.0 135200 1 3485574
93 135160.0 135200.0 135200 1 3519947
94 135273.0 135273.0 135273 1 3553976
95 135182.0 135273.0 135273 1 3588148
96 135297.0 135297.0 135297 1 3623856
97 135297.0 135297.0 135297 1 3658306
98 135241.0 135297.0 135297 1 3692565
99 135333.0 135333.0 135333 1 3726858
100 135390.0 135390.0 135390 1 3768012
101 135452.0 135452.0 135452 1 3806330
102 135372.0 135452.0 135452 1 3843259
103 135448.0 135452.0 135452 1 3877511
104 135675.0 135675.0 135675 1 3912215
105 135746.0 135746.0 135746 1 3947128
106 135440.0 135746.0 135746 1 3981548
107 135677.0 135746.0 135746 1 4015631
108 135762.0 135762.0 135762 1 4049923
109 135707.0 135762.0 135762 1 4084911
110 135648.0 135762.0 135762 1 4120567
111 135650.0 135762.0 135762 1 4154730
112 135710.0 135762.0 135762 1 4188691
113 135757.0 135762.0 135762 1 4226348
114 135877.0 135877.0 135877 1 4263556
115 135841.0 135877.0 135877 1 4298026
116 135747.0 135877.0 135877 1 4336033
117 136017.0 136017.0 136017 1 4377090
118 135913.0 136017.0 136017 1 4415085
119 136028.0 136028.0 136028 1 4449513
120 135990.0 136028.0 136028 1 4483899
121 136009.0 136028.0 136028 1 4520697
122 135968.0 136028.0 136028 1 4554799
123 136027.0 136028.0 136028 1 4589295
124 136130.0 136130.0 136130 1 4624126
125 136164.0 136164.0 136164 1 4663325
126 136473.0 136473.0 136473 1 4700255
127 136201.0 136473.0 136473 1 4736068
128 136390.0 136473.0 136473 1 4774016
129 136355.0 136473.0 136473 1 4810058
130 136420.0 136473.0 136473 1 4846813
131 136430.0 136473.0 136473 1 4882701
132 136478.0 136478.0 136478 1 4917780
133 136665.0 136665.0 136665 1 4953212
134 136515.0 136665.0 136665 1 4988324
135 136521.0 136665.0 136665 1 5024006
136 136479.0 136665.0 136665 1 5065302
137 136591.0 136665.0 136665 1 5101135
138 136637.0 136665.0 136665 1 5136260
139 136520.0 136665.0 136665 1 5171129
140 136604.0 136665.0 136665 1 5217482
141 136735.0 136735.0 136735 1 5252897
142 136759.0 136759.0 136759 1 5287502
143 136740.0 136759.0 136759 1 5322617
144 136748.0 136759.0 136759 1 5358465
145 136649.0 136759.0 136759 1 5393199
146 136736.0 136759.0 136759 1 5427227
147 136771.0 136771.0 136771 1 5462395
148 136894.0 136894.0 136894 1 5502136
149 136826.0 136894.0 136894 1 5536205
150 136797.0 136894.0 136894 1 5570040
151 136807.0 136894.0 136894 1 5604194
152 136857.0 136894.0 136894 1 5638239
153 136900.0 136900.0 136900 1 5672489
154 136881.0 136900.0 136900 1 5706981
155 136882.0 136900.0 136900 1 5741644
156 137015.0 137015.0 137015 1 5776997
157 136942.0 137015.0 137015 1 5811127
158 136883.0 137015.0 137015 1 5845397
159 136961.0 137015.0 137015 1 5879793
160 136987.0 137015.0 137015 1 5913693
161 136932.0 137015.0 137015 1 5962735
162 136951.0 137015.0 137015 1 6006254
163 137014.0 137015.0 137015 1 6049391
164 137028.0 137028.0 137028 1 6092768
165 137071.0 137071.0 137071 1 6153118
166 137206.0 137206.0 137206 1 6201801
167 137047.0 137206.0 137206 1 6238026
168 137215.0 137215.0 137215 1 6272249
169 137121.0 137215.0 137215 1 6306675
170 137226.0 137226.0 137226 1 6340944
171 137113.0 137226.0 137226 1 6375395
172 137117.0 137226.0 137226 1 6419504
173 137234.0 137234.0 137234 1 6459708
174 137242.0 137242.0 137242 1 6499516
175 137267.0 137267.0 137267 1 6535515
176 137177.0 137267.0 137267 1 6571734
177 137281.0 137281.0 137281 1 6607098
178 137272.0 137281.0 137281 1 6642317
179 137360.0 137360.0 137360 1 6676899
180 137373.0 137373.0 137373 1 6711636
181 137364.0 137373.0 137373 1 6746281
182 137387.0 137387.0 137387 1 6780577
183 137346.0 137387.0 137387 1 6815253
184 137468.0 137468.0 137468 1 6850794
185 137513.0 137513.0 137513 1 6885361
186 137557.0 137557.0 137557 1 6919772
187 137489.0 137557.0 137557 1 6954632
188 137534.0 137557.0 137557 1 6989078
189 137411.0 137557.0 137557 1 7024546
190 137578.0 137578.0 137578 1 7058856
191 137524.0 137578.0 137578 1 7095042
192 137588.0 137588.0 137588 1 7128922
193 137651.0 137651.0 137651 1 7163628
194 137555.0 137651.0 137651 1 7197712
195 137616.0 137651.0 137651 1 7232517
196 137745.0 137745.0 137745 1 7267063
197 137700.0 137745.0 137745 1 7311181
198 137664.0 137745.0 137745 1 7353418
199 137687.0 137745.0 137745 1 7389613
200 137805.0 137805.0 137805 1 7424609
number of contigs : 1
Output file created
RUN 8
-------------
Generated Seeded Population
Generated Diverse Population
0 71067.0 71067.0 71084
1 74433.0 74433.0 74467 124 6086
2 77627.0 77627.0 77643 111 58191
3 80842.0 80842.0 80870 110 110167
4 84579.0 84579.0 84601 104 161181
5 86786.0 86786.0 86805 99 215794
6 90464.0 90464.0 90479 92 277121
7 92054.0 92054.0 92074 91 339118
8 96081.0 96081.0 96094 76 388195
9 99805.0 99805.0 99814 69 435633
10 101737.0 101737.0 101742 62 481477
11 104803.0 104803.0 104885 59 526406
12 109222.0 109222.0 109225 44 569756
13 110291.0 110291.0 110310 44 611904
14 113536.0 113536.0 113545 38 652819
15 115909.0 115909.0 115913 34 692552
16 118579.0 118579.0 118585 23 731793
17 121371.0 121371.0 121373 17 769707
18 121841.0 121841.0 121846 14 806134
19 123383.0 123383.0 123389 10 842463
20 125743.0 125743.0 125743 3 879967
21 125868.0 125868.0 125868 1 918038
22 126236.0 126236.0 126236 1 953569
23 126581.0 126581.0 126581 1 988644
24 127527.0 127527.0 127527 1 1023127
25 127539.0 127539.0 127539 1 1057342
26 128215.0 128215.0 128215 1 1091835
27 128208.0 128215.0 128215 1 1126014
28 127864.0 128215.0 128215 1 1160245
29 127948.0 128215.0 128215 1 1194580
30 128165.0 128215.0 128215 1 1229226
31 127936.0 128215.0 128215 1 1263952
32 128348.0 128348.0 128348 1 1298188
33 128056.0 128348.0 128348 1 1332476
34 128333.0 128348.0 128348 1 1367209
35 128507.0 128507.0 128507 1 1401446
36 128407.0 128507.0 128507 1 1435941
37 129043.0 129043.0 129043 1 1470312
38 128856.0 129043.0 129043 1 1504537
39 128875.0 129043.0 129043 1 1540884
40 128783.0 129043.0 129043 1 1574979
41 129305.0 129305.0 129305 1 1608771
42 128848.0 129305.0 129305 1 1642873
43 129091.0 129305.0 129305 1 1677856
44 128995.0 129305.0 129305 1 1717542
45 129394.0 129394.0 129394 1 1758338
46 129370.0 129394.0 129394 1 1793983
47 129169.0 129394.0 129394 1 1829094
48 129647.0 129647.0 129647 1 1863546
49 129833.0 129833.0 129833 1 1897919
50 129934.0 129934.0 129934 1 1932368
51 129695.0 129934.0 129934 1 1966706
52 129961.0 129961.0 129961 1 2001147
53 129996.0 129996.0 129996 1 2035352
54 129922.0 129996.0 129996 1 2074653
55 129754.0 129996.0 129996 1 2117271
56 130069.0 130069.0 130069 1 2153381
57 130156.0 130156.0 130156 1 2192716
58 130361.0 130361.0 130361 1 2231919
59 130472.0 130472.0 130472 1 2269514
60 130471.0 130472.0 130472 1 2306578
61 130402.0 130472.0 130472 1 2342794
62 130674.0 130674.0 130674 1 2378906
63 130421.0 130674.0 130674 1 2415898
64 130614.0 130674.0 130674 1 2457085
65 130571.0 130674.0 130674 1 2494046
66 130997.0 130997.0 130997 1 2530506
67 130746.0 130997.0 130997 1 2567216
68 131093.0 131093.0 131093 1 2603920
69 131145.0 131145.0 131145 1 2639953
70 131253.0 131253.0 131253 1 2676000
71 131284.0 131284.0 131284 1 2711710
72 131414.0 131414.0 131414 1 2747292
73 131448.0 131448.0 131448 1 2784652
74 131217.0 131448.0 131448 1 2828007
75 131963.0 131963.0 131963 1 2865683
76 131793.0 131963.0 131963 1 2904138
77 131660.0 131963.0 131963 1 2939607
78 131721.0 131963.0 131963 1 2974947
79 131960.0 131963.0 131963 1 3009966
80 132080.0 132080.0 132080 1 3044759
81 131907.0 132080.0 132080 1 3079463
82 132339.0 132339.0 132339 1 3114070
83 132674.0 132674.0 132674 1 3148386
84 132586.0 132674.0 132674 1 3183588
85 132555.0 132674.0 132674 1 3229363
86 132256.0 132674.0 132674 1 3268953
87 132588.0 132674.0 132674 1 3306028
88 132661.0 132674.0 132674 1 3341946
89 132555.0 132674.0 132674 1 3379512
90 132599.0 132674.0 132674 1 3420663
91 132715.0 132715.0 132715 1 3462794
92 133021.0 133021.0 133021 1 3498359
93 132874.0 133021.0 133021 1 3533417
94 132758.0 133021.0 133021 1 3568696
95 133146.0 133146.0 133146 1 3605469
96 133081.0 133146.0 133146 1 3641552
97 133184.0 133184.0 133184 1 3675478
98 133526.0 133526.0 133526 1 3713996
99 133466.0 133526.0 133526 1 3750910
100 133411.0 133526.0 133526 1 3785762
101 133538.0 133538.0 133538 1 3820235
102 133542.0 133542.0 133542 1 3854999
103 133764.0 133764.0 133764 1 3892418
104 133974.0 133974.0 133974 1 3926734
105 133742.0 133974.0 133974 1 3960707
106 133650.0 133974.0 133974 1 3995815
107 133923.0 133974.0 133974 1 4029954
108 134255.0 134255.0 134255 1 4063883
109 134221.0 134255.0 134255 1 4099780
110 134097.0 134255.0 134255 1 4134743
111 134338.0 134338.0 134338 1 4169731
112 134431.0 134431.0 134431 1 4203880
113 134374.0 134431.0 134431 1 4238357
114 134355.0 134431.0 134431 1 4280387
115 134457.0 134457.0 134457 1 4316043
116 134424.0 134457.0 134457 1 4350054
117 134557.0 134557.0 134557 1 4385779
118 134525.0 134557.0 134557 1 4420681
119 134860.0 134860.0 134860 1 4454507
120 134701.0 134860.0 134860 1 4488431
121 134719.0 134860.0 134860 1 4532095
122 134689.0 134860.0 134860 1 4568663
123 135109.0 135109.0 135109 1 4604353
124 134959.0 135109.0 135109 1 4640315
125 135118.0 135118.0 135118 1 4676214
126 135477.0 135477.0 135477 1 4713348
127 135095.0 135477.0 135477 1 4749349
128 135432.0 135477.0 135477 1 4786503
129 135294.0 135477.0 135477 1 4822210
130 135254.0 135477.0 135477 1 4857101
131 135513.0 135513.0 135513 1 4892345
132 135385.0 135513.0 135513 1 4929057
133 135440.0 135513.0 135513 1 4968438
134 135692.0 135692.0 135692 1 5006348
135 135656.0 135692.0 135692 1 5048100
136 135602.0 135692.0 135692 1 5087713
137 135651.0 135692.0 135692 1 5128934
138 135800.0 135800.0 135800 1 5165042
139 135999.0 135999.0 135999 1 5200683
140 135852.0 135999.0 135999 1 5235280
141 135831.0 135999.0 135999 1 5272367
142 135797.0 135999.0 135999 1 5307293
143 135924.0 135999.0 135999 1 5341753
144 136025.0 136025.0 136025 1 5376228
145 135962.0 136025.0 136025 1 5410717
146 135826.0 136025.0 136025 1 5446353
147 135967.0 136025.0 136025 1 5480854
148 135982.0 136025.0 136025 1 5519058
149 136149.0 136149.0 136149 1 5560347
150 135955.0 136149.0 136149 1 5600054
151 136200.0 136200.0 136200 1 5636988
152 136200.0 136200.0 136200 1 5671806
153 136105.0 136200.0 136200 1 5706779
154 136135.0 136200.0 136200 1 5741789
155 136203.0 136203.0 136203 1 5777756
156 136454.0 136454.0 136454 1 5818472
157 136215.0 136454.0 136454 1 5856877
158 136319.0 136454.0 136454 1 5892292
159 136376.0 136454.0 136454 1 5928198
160 136838.0 136838.0 136838 1 5963468
161 136371.0 136838.0 136838 1 6004638
162 136500.0 136838.0 136838 1 6039668
163 136519.0 136838.0 136838 1 6074733
164 136517.0 136838.0 136838 1 6111249
165 136465.0 136838.0 136838 1 6147576
166 136778.0 136838.0 136838 1 6184967
167 136636.0 136838.0 136838 1 6221035
168 136499.0 136838.0 136838 1 6258390
169 136611.0 136838.0 136838 1 6296542
170 136699.0 136838.0 136838 1 6331750
171 136719.0 136838.0 136838 1 6367428
172 136746.0 136838.0 136838 1 6402728
173 136824.0 136838.0 136838 1 6437793
174 136825.0 136838.0 136838 1 6472868
175 136821.0 136838.0 136838 1 6507601
176 136865.0 136865.0 136865 1 6542766
177 136881.0 136881.0 136881 1 6578126
178 136908.0 136908.0 136908 1 6612881
179 136932.0 136932.0 136932 1 6647447
180 136993.0 136993.0 136993 1 6682137
181 136944.0 136993.0 136993 1 6716671
182 137014.0 137014.0 137014 1 6751165
183 137015.0 137015.0 137015 1 6785924
184 137004.0 137015.0 137015 1 6820206
185 137013.0 137015.0 137015 1 6864083
186 137042.0 137042.0 137042 1 6903542
187 137043.0 137043.0 137043 1 6942507
188 137007.0 137043.0 137043 1 6978634
189 137114.0 137114.0 137114 1 7014659
190 136993.0 137114.0 137114 1 7060205
191 137021.0 137114.0 137114 1 7098426
192 136997.0 137114.0 137114 1 7139844
193 137071.0 137114.0 137114 1 7180974
194 137070.0 137114.0 137114 1 7225131
195 136993.0 137114.0 137114 1 7260486
196 137025.0 137114.0 137114 1 7296967
197 137179.0 137179.0 137179 1 7332764
198 137098.0 137179.0 137179 1 7367914
199 137142.0 137179.0 137179 1 7403423
200 137190.0 137190.0 137190 1 7438284
number of contigs : 1
Output file created
RUN 9
-------------
Generated Seeded Population
Generated Diverse Population
0 69241.0 69241.0 69258
1 72943.0 72943.0 73029 127 6131
2 77170.0 77170.0 77195 108 60106
3 82412.0 82412.0 82426 107 111516
4 84433.0 84433.0 84455 105 162532
5 88476.0 88476.0 88481 90 213814
6 91498.0 91498.0 91509 87 263307
7 94524.0 94524.0 94533 82 311737
8 96338.0 96338.0 96357 80 358785
9 100173.0 100173.0 100181 71 407667
10 104236.0 104236.0 104247 58 452599
11 107175.0 107175.0 107181 56 495650
12 108361.0 108361.0 108366 50 538676
13 111874.0 111874.0 111879 38 579606
14 114173.0 114173.0 114186 34 620865
15 116760.0 116760.0 116766 30 661144
16 118210.0 118210.0 118216 23 699371
17 119620.0 119620.0 119626 21 736696
18 121632.0 121632.0 121633 15 774017
19 122434.0 122434.0 122434 11 810611
20 123268.0 123268.0 123268 11 846465
21 124504.0 124504.0 124504 8 881913
22 125627.0 125627.0 125627 4 917352
23 126458.0 126458.0 126458 3 955760
24 126712.0 126712.0 126712 1 996880
25 127117.0 127117.0 127117 1 1034372
26 127401.0 127401.0 127401 1 1068963
27 127602.0 127602.0 127602 1 1103329
28 127629.0 127629.0 127629 1 1137757
29 127470.0 127629.0 127629 1 1172145
30 127647.0 127647.0 127647 1 1206506
31 127666.0 127666.0 127666 1 1240973
32 127736.0 127736.0 127736 1 1275123
33 127942.0 127942.0 127942 1 1309699
34 128046.0 128046.0 128046 1 1346650
35 128147.0 128147.0 128147 1 1381018
36 128193.0 128193.0 128193 1 1420618
37 127948.0 128193.0 128193 1 1459607
38 128157.0 128193.0 128193 1 1496630
39 128343.0 128343.0 128343 1 1534129
40 128544.0 128544.0 128544 1 1570068
41 128155.0 128544.0 128544 1 1606256
42 128460.0 128544.0 128544 1 1642508
43 128708.0 128708.0 128708 1 1678807
44 128326.0 128708.0 128708 1 1714801
45 128489.0 128708.0 128708 1 1751446
46 128736.0 128736.0 128736 1 1787069
47 128307.0 128736.0 128736 1 1823370
48 128508.0 128736.0 128736 1 1862600
49 129035.0 129035.0 129035 1 1901696
50 129469.0 129469.0 129469 1 1947570
51 128765.0 129469.0 129469 1 1982670
52 128581.0 129469.0 129469 1 2018483
53 128752.0 129469.0 129469 1 2054264
54 129000.0 129469.0 129469 1 2089972
55 128995.0 129469.0 129469 1 2126850
56 129376.0 129469.0 129469 1 2169374
57 128998.0 129469.0 129469 1 2205799
58 129223.0 129469.0 129469 1 2249830
59 129659.0 129659.0 129659 1 2284929
60 129389.0 129659.0 129659 1 2319286
61 129651.0 129659.0 129659 1 2356070
62 129368.0 129659.0 129659 1 2390614
63 129429.0 129659.0 129659 1 2425185
64 129875.0 129875.0 129875 1 2460772
65 129596.0 129875.0 129875 1 2495613
66 129941.0 129941.0 129941 1 2530417
67 129794.0 129941.0 129941 1 2565307
68 129867.0 129941.0 129941 1 2599786
69 129987.0 129987.0 129987 1 2634656
70 130234.0 130234.0 130234 1 2671449
71 129947.0 130234.0 130234 1 2706553
72 129918.0 130234.0 130234 1 2741047
73 130284.0 130284.0 130284 1 2777979
74 130178.0 130284.0 130284 1 2812562
75 130274.0 130284.0 130284 1 2847016
76 130456.0 130456.0 130456 1 2882183
77 130394.0 130456.0 130456 1 2917640
78 130326.0 130456.0 130456 1 2952103
79 130924.0 130924.0 130924 3 2986615
80 130751.0 130924.0 130924 3 3021213
81 130729.0 130924.0 130924 3 3055750
82 130971.0 130971.0 130971 1 3096396
83 130959.0 130971.0 130971 1 3134168
84 131353.0 131353.0 131353 1 3169580
85 131250.0 131353.0 131353 1 3204204
86 131573.0 131573.0 131573 1 3239811
87 131284.0 131573.0 131573 1 3274450
88 131526.0 131573.0 131573 1 3308916
89 131659.0 131659.0 131659 1 3343434
90 131556.0 131659.0 131659 1 3378446
91 131716.0 131716.0 131716 1 3413064
92 131497.0 131716.0 131716 1 3447734
93 131567.0 131716.0 131716 1 3482194
94 131873.0 131873.0 131873 1 3516914
95 132094.0 132094.0 132094 1 3551908
96 131542.0 132094.0 132094 1 3586273
97 131751.0 132094.0 132094 1 3621073
98 131651.0 132094.0 132094 1 3655621
99 131895.0 132094.0 132094 1 3690438
100 131892.0 132094.0 132094 1 3724639
101 131979.0 132094.0 132094 1 3761712
102 131994.0 132094.0 132094 1 3796076
103 132025.0 132094.0 132094 1 3830233
104 132346.0 132346.0 132346 1 3864832
105 132012.0 132346.0 132346 1 3899083
106 132431.0 132431.0 132431 1 3933408
107 132581.0 132581.0 132581 1 3971576
108 132113.0 132581.0 132581 1 4011413
109 132577.0 132581.0 132581 1 4046985
110 132472.0 132581.0 132581 1 4086809
111 132278.0 132581.0 132581 1 4127070
112 132453.0 132581.0 132581 1 4163620
113 132716.0 132716.0 132716 1 4200986
114 132676.0 132716.0 132716 1 4238808
115 132945.0 132945.0 132945 1 4277390
116 132537.0 132945.0 132945 1 4315699
117 132623.0 132945.0 132945 1 4351291
118 132787.0 132945.0 132945 1 4386378
119 132705.0 132945.0 132945 1 4421410
120 133032.0 133032.0 133032 1 4456751
121 133101.0 133101.0 133101 1 4491546
122 133145.0 133145.0 133145 1 4526227
123 133119.0 133145.0 133145 1 4560478
124 133202.0 133202.0 133202 1 4594923
125 133181.0 133202.0 133202 1 4629470
126 133600.0 133600.0 133600 1 4663817
127 133628.0 133628.0 133628 1 4698108
128 133506.0 133628.0 133628 1 4732429
129 133299.0 133628.0 133628 1 4766677
130 133452.0 133628.0 133628 1 4801203
131 133396.0 133628.0 133628 1 4835514
132 133303.0 133628.0 133628 1 4872264
133 133959.0 133959.0 133959 1 4906809
134 133791.0 133959.0 133959 1 4941174
135 133653.0 133959.0 133959 1 4975713
136 133434.0 133959.0 133959 1 5009987
137 133694.0 133959.0 133959 1 5055747
138 133696.0 133959.0 133959 1 5096091
139 133863.0 133959.0 133959 1 5131435
140 134029.0 134029.0 134029 1 5167084
141 133731.0 134029.0 134029 1 5202957
142 133822.0 134029.0 134029 1 5238190
143 133841.0 134029.0 134029 1 5273850
144 134073.0 134073.0 134073 1 5309188
145 134140.0 134140.0 134140 1 5347386
146 134116.0 134140.0 134140 1 5382081
147 134146.0 134146.0 134146 1 5416361
148 134267.0 134267.0 134267 1 5457673
149 134268.0 134268.0 134268 1 5492328
150 134519.0 134519.0 134519 1 5526435
151 134420.0 134519.0 134519 1 5560846
152 134414.0 134519.0 134519 1 5599491
153 134402.0 134519.0 134519 1 5636324
154 134419.0 134519.0 134519 1 5671860
155 134645.0 134645.0 134645 1 5712488
156 134526.0 134645.0 134645 1 5747826
157 134669.0 134669.0 134669 1 5784012
158 134692.0 134692.0 134692 1 5818385
159 134875.0 134875.0 134875 1 5853286
160 134637.0 134875.0 134875 1 5887999
161 134735.0 134875.0 134875 1 5925596
162 134598.0 134875.0 134875 1 5960495
163 134794.0 134875.0 134875 1 5994463
164 134738.0 134875.0 134875 1 6028472
165 134691.0 134875.0 134875 1 6062903
166 134718.0 134875.0 134875 1 6097286
167 134857.0 134875.0 134875 1 6134551
168 135059.0 135059.0 135059 1 6168755
169 135041.0 135059.0 135059 1 6202802
170 134924.0 135059.0 135059 1 6237326
171 135006.0 135059.0 135059 1 6272708
172 135089.0 135089.0 135089 1 6317196
173 134996.0 135089.0 135089 1 6351465
174 135098.0 135098.0 135098 1 6385485
175 135142.0 135142.0 135142 1 6420083
176 135122.0 135142.0 135142 1 6454463
177 135145.0 135145.0 135145 1 6489065
178 135224.0 135224.0 135224 1 6526300
179 135230.0 135230.0 135230 1 6560737
180 135381.0 135381.0 135381 1 6595045
181 135203.0 135381.0 135381 1 6629252
182 135204.0 135381.0 135381 1 6663872
183 135334.0 135381.0 135381 1 6698560
184 135227.0 135381.0 135381 1 6740720
185 135290.0 135381.0 135381 1 6785930
186 135391.0 135391.0 135391 1 6827127
187 135220.0 135391.0 135391 1 6862566
188 135354.0 135391.0 135391 1 6896897
189 135317.0 135391.0 135391 1 6931550
190 135238.0 135391.0 135391 1 6965771
191 135386.0 135391.0 135391 1 7000066
192 135380.0 135391.0 135391 1 7034142
193 135305.0 135391.0 135391 1 7068563
194 135467.0 135467.0 135467 1 7102924
195 135390.0 135467.0 135467 1 7137230
196 135450.0 135467.0 135467 1 7173898
197 135429.0 135467.0 135467 1 7209706
198 135446.0 135467.0 135467 1 7245172
199 135559.0 135559.0 135559 1 7279264
200 135457.0 135559.0 135559 1 7313299
number of contigs : 1
Output file created
RUN 10
-------------
Generated Seeded Population
Generated Diverse Population
0 72632.0 72632.0 72737
1 73910.0 73910.0 73925 120 6096
2 78404.0 78404.0 78418 115 57711
3 81845.0 81845.0 81873 113 109398
4 84589.0 84589.0 84608 99 160165
5 87494.0 87494.0 87503 95 211008
6 89222.0 89222.0 89241 93 264015
7 93124.0 93124.0 93134 85 314059
8 97953.0 97953.0 98033 71 361571
9 99238.0 99238.0 99249 65 407728
10 102637.0 102637.0 102645 58 454807
11 104946.0 104946.0 104953 57 511248
12 106938.0 106938.0 106943 51 557537
13 110018.0 110018.0 110022 46 599414
14 113131.0 113131.0 113141 38 639838
15 116040.0 116040.0 116050 28 682843
16 117088.0 117088.0 117096 28 725705
17 119471.0 119471.0 119476 20 771368
18 121362.0 121362.0 121366 18 815416
19 122144.0 122144.0 122148 17 859811
20 123794.0 123794.0 123797 10 896070
21 124732.0 124732.0 124734 6 931332
22 125610.0 125610.0 125612 5 969636
23 126340.0 126340.0 126340 6 1004518
24 126548.0 126548.0 126548 3 1039284
25 126507.0 126548.0 126548 3 1073717
26 127495.0 127495.0 127495 2 1108645
27 127270.0 127495.0 127495 2 1143468
28 127375.0 127495.0 127495 2 1178277
29 127613.0 127613.0 127613 1 1212759
30 128326.0 128326.0 128326 1 1247986
31 128244.0 128326.0 128326 1 1282391
32 128263.0 128326.0 128326 1 1316883
33 128267.0 128326.0 128326 1 1355209
34 128539.0 128539.0 128539 1 1391096
35 128507.0 128539.0 128539 1 1432875
36 128645.0 128645.0 128645 1 1482602
37 128630.0 128645.0 128645 1 1521858
38 129176.0 129176.0 129176 1 1557988
39 128800.0 129176.0 129176 1 1597555
40 128852.0 129176.0 129176 1 1640168
41 128970.0 129176.0 129176 1 1687258
42 129262.0 129262.0 129262 1 1721935
43 129142.0 129262.0 129262 1 1756771
44 129053.0 129262.0 129262 1 1791691
45 129590.0 129590.0 129590 1 1826160
46 129624.0 129624.0 129624 1 1862067
47 129881.0 129881.0 129881 1 1901097
48 130108.0 130108.0 130108 1 1936146
49 130123.0 130123.0 130123 1 1970712
50 129923.0 130123.0 130123 1 2005185
51 130241.0 130241.0 130241 1 2044931
52 130297.0 130297.0 130297 1 2080876
53 130259.0 130297.0 130297 1 2116169
54 130260.0 130297.0 130297 1 2150911
55 130446.0 130446.0 130446 1 2186758
56 130622.0 130622.0 130622 1 2221619
57 130539.0 130622.0 130622 1 2256148
58 130643.0 130643.0 130643 1 2290333
59 131030.0 131030.0 131030 1 2324968
60 130768.0 131030.0 131030 1 2360059
61 130809.0 131030.0 131030 1 2394805
62 131302.0 131302.0 131302 1 2429289
63 131131.0 131302.0 131302 1 2464085
64 131275.0 131302.0 131302 1 2498422
65 131593.0 131593.0 131593 1 2532918
66 131621.0 131621.0 131621 1 2568231
67 131337.0 131621.0 131621 1 2602754
68 131280.0 131621.0 131621 1 2637426
69 131747.0 131747.0 131747 1 2672272
70 131519.0 131747.0 131747 1 2706694
71 131967.0 131967.0 131967 1 2741126
72 131916.0 131967.0 131967 1 2780527
73 132050.0 132050.0 132050 1 2814737
74 132275.0 132275.0 132275 1 2851278
75 132115.0 132275.0 132275 1 2887353
76 132102.0 132275.0 132275 1 2921751
77 132108.0 132275.0 132275 1 2955864
78 131885.0 132275.0 132275 1 2989853
79 131958.0 132275.0 132275 1 3024384
80 132021.0 132275.0 132275 1 3059446
81 132010.0 132275.0 132275 1 3094003
82 132190.0 132275.0 132275 1 3128297
83 132305.0 132305.0 132305 1 3162289
84 132195.0 132305.0 132305 1 3196870
85 132106.0 132305.0 132305 1 3230994
86 132202.0 132305.0 132305 1 3265061
87 132488.0 132488.0 132488 1 3299341
88 132384.0 132488.0 132488 1 3334166
89 132331.0 132488.0 132488 1 3371400
90 132829.0 132829.0 132829 1 3408139
91 132437.0 132829.0 132829 1 3444642
92 132775.0 132829.0 132829 1 3481322
93 132611.0 132829.0 132829 1 3518341
94 132841.0 132841.0 132841 1 3554854
95 132714.0 132841.0 132841 1 3589794
96 132942.0 132942.0 132942 1 3624937
97 132917.0 132942.0 132942 1 3661039
98 133431.0 133431.0 133431 1 3695616
99 132868.0 133431.0 133431 1 3734039
100 132883.0 133431.0 133431 1 3768892
101 133040.0 133431.0 133431 1 3804602
102 132919.0 133431.0 133431 1 3838724
103 133022.0 133431.0 133431 1 3872898
104 133390.0 133431.0 133431 1 3907101
105 133065.0 133431.0 133431 1 3945209
106 133225.0 133431.0 133431 1 3979747
107 133609.0 133609.0 133609 1 4013866
108 133402.0 133609.0 133609 1 4048237
109 133366.0 133609.0 133609 1 4082537
110 133560.0 133609.0 133609 1 4121490
111 133494.0 133609.0 133609 1 4159637
112 133431.0 133609.0 133609 1 4195172
113 133569.0 133609.0 133609 1 4235572
114 133586.0 133609.0 133609 1 4272304
115 133944.0 133944.0 133944 1 4307559
116 133796.0 133944.0 133944 1 4343291
117 133705.0 133944.0 133944 1 4378274
118 133703.0 133944.0 133944 1 4413121
119 133809.0 133944.0 133944 1 4447673
120 133710.0 133944.0 133944 1 4482663
121 133838.0 133944.0 133944 1 4518270
122 133680.0 133944.0 133944 1 4556461
123 133925.0 133944.0 133944 1 4590987
124 133993.0 133993.0 133993 1 4625338
125 134055.0 134055.0 134055 1 4659533
126 134062.0 134062.0 134062 1 4694172
127 134045.0 134062.0 134062 1 4728999
128 134214.0 134214.0 134214 1 4766071
129 134092.0 134214.0 134214 1 4801298
130 134225.0 134225.0 134225 1 4836708
131 134230.0 134230.0 134230 1 4871149
132 134216.0 134230.0 134230 1 4906490
133 134212.0 134230.0 134230 1 4940930
134 134232.0 134232.0 134232 1 4975445
135 134222.0 134232.0 134232 1 5009815
136 134286.0 134286.0 134286 1 5046964
137 134259.0 134286.0 134286 1 5081486
138 134401.0 134401.0 134401 1 5115567
139 134316.0 134401.0 134401 1 5149761
140 134359.0 134401.0 134401 1 5184602
141 134447.0 134447.0 134447 1 5219175
142 134294.0 134447.0 134447 1 5253153
143 134726.0 134726.0 134726 1 5287211
144 134437.0 134726.0 134726 1 5321610
145 134345.0 134726.0 134726 1 5355800
146 134398.0 134726.0 134726 1 5390656
147 134537.0 134726.0 134726 1 5424686
148 134637.0 134726.0 134726 1 5460495
149 134572.0 134726.0 134726 1 5494919
150 134532.0 134726.0 134726 1 5531495
151 134597.0 134726.0 134726 1 5565758
152 134558.0 134726.0 134726 1 5600258
153 134638.0 134726.0 134726 1 5634529
154 134815.0 134815.0 134815 1 5668876
155 134883.0 134883.0 134883 1 5703262
156 134924.0 134924.0 134924 1 5738011
157 134835.0 134924.0 134924 1 5772709
158 134840.0 134924.0 134924 1 5806665
159 134680.0 134924.0 134924 1 5842646
160 134768.0 134924.0 134924 1 5877050
161 134881.0 134924.0 134924 1 5911438
162 135025.0 135025.0 135025 1 5945773
163 135071.0 135071.0 135071 1 5980505
164 134792.0 135071.0 135071 1 6014920
165 134794.0 135071.0 135071 1 6049224
166 134818.0 135071.0 135071 1 6083703
167 134867.0 135071.0 135071 1 6118413
168 135004.0 135071.0 135071 1 6152811
169 135277.0 135277.0 135277 1 6187207
170 135088.0 135277.0 135277 1 6222358
171 135053.0 135277.0 135277 1 6256463
172 135017.0 135277.0 135277 1 6290554
173 135151.0 135277.0 135277 1 6325072
174 135091.0 135277.0 135277 1 6360191
175 135296.0 135296.0 135296 1 6398232
176 135127.0 135296.0 135296 1 6437001
177 135281.0 135296.0 135296 1 6474934
178 135170.0 135296.0 135296 1 6510642
179 135361.0 135361.0 135361 1 6545295
180 135196.0 135361.0 135361 1 6581391
181 135217.0 135361.0 135361 1 6615999
182 135545.0 135545.0 135545 1 6650206
183 135255.0 135545.0 135545 1 6684618
184 135543.0 135545.0 135545 1 6722026
185 135428.0 135545.0 135545 1 6764467
186 135544.0 135545.0 135545 1 6798788
187 135449.0 135545.0 135545 1 6832989
188 135523.0 135545.0 135545 1 6867558
189 135334.0 135545.0 135545 1 6902450
190 135521.0 135545.0 135545 1 6936934
191 135403.0 135545.0 135545 1 6971650
192 135428.0 135545.0 135545 1 7005831
193 135431.0 135545.0 135545 1 7040391
194 135482.0 135545.0 135545 1 7078976
195 135389.0 135545.0 135545 1 7113984
196 135566.0 135566.0 135566 1 7148121
197 135544.0 135566.0 135566 1 7182322
198 135659.0 135659.0 135659 1 7217022
199 135663.0 135663.0 135663 1 7251415
200 135572.0 135663.0 135663 1 7285728
number of contigs : 1
Output file created

real	1229m3.079s
user	1180m51.704s
sys	8m24.860s
